hycom_surface_current.json
{"header": {"parameterUnit": "m.s-1", "parameterNumber": 3, "dx": 0.12, "dy": 0.11699999999999999, "parameterNumberName": "Northward current", "la1": 31.920000076293945, "la2": 18.1200008392334, "parameterCategory": 2, "lo2": -76.4000244140625, "nx": 181, "ny": 116, "refTime": "2020-07-01 12:00:00", "lo1": -98.0}, "data":
[rows 38 to 56 of 116, columns 43 to 85 of 181]
0.09488461911678314,0.10811539739370346,0.06942307949066162,0.045961543917655945,-0.025153854861855507,-0.11584615707397461,-0.12142308801412582,-0.024423081427812576,0.021000005304813385,-0.003269230481237173,0.038615383207798004,0.14511539041996002,0.1412692368030548,0.13049998879432678,0.05688462406396866,-0.02488461509346962,-0.10338462144136429,-0.1072307750582695,-0.036769233644008636,0.03257692605257034,0.05938461050391197,0.010884614661335945,-0.09607692807912827,-0.21780769526958466,-0.3021538555622101,-0.33630773425102234,-0.31488466262817383,-0.24857690930366516,-0.1364615559577942,-0.030230769887566566,0.123846136033535,0.3312692642211914,0.2813461422920227,0.22538462281227112,0.2741153836250305,0.2283845990896225,0.19242309033870697,0.0951923131942749,-0.020192308351397514,-0.1316923052072525,-0.1737307757139206,-0.127115398645401,-0.09126922488212585
0.030230769887566566,0.03703846409916878,0.08134615421295166,0.0729999989271164,0.001076923799701035,-0.10196153074502945,-0.19465383887290955,-0.0972692221403122,-0.026423074305057526,0.020923076197504997,0.0558076910674572,0.10911539942026138,0.16319230198860168,0.18646153807640076,0.12753845751285553,0.019692309200763702,-0.0634615421295166,-0.11153846234083176,-0.07407692074775696,-0.02196154184639454,0.008230769075453281,0.012115384452044964,-0.021076926961541176,-0.11873076856136322,-0.21288460493087769,-0.2853461802005768,-0.3119230568408966,-0.25065386295318604,-0.1725769191980362,-0.03680768981575966,0.12184614688158035,0.2750385105609894,0.2140769362449646,0.22261540591716766,0.2356538474559784,0.2341538816690445,0.17019231617450714,0.08057693392038345,-0.002846154849976301,-0.09923077374696732,-0.18384617567062378,-0.19919231534004211,-0.16423076391220093
0.013884615153074265,0.0908077135682106,0.11261539161205292,0.07423078268766403,0.001038465416058898,-0.09061539173126221,-0.19946154952049255,-0.19080767035484314,-0.06280769407749176,0.008884615264832973,0.05038461834192276,0.13173078000545502,0.16426923871040344,0.24484612047672272,0.19469229876995087,0.03580769523978233,-0.05107692629098892,-0.09469231218099594,-0.0875384658575058,-0.05284615606069565,-0.05407693237066269,-0.004076924175024033,-0.003846153151243925,-0.06396154314279556,-0.139153853058815,-0.1953846514225006,-0.24303847551345825,-0.21738463640213013,-0.14630770683288574,-0.03434615582227707,0.09819233417510986,0.14023077487945557,0.17023077607154846,0.2230769246816635,0.21680769324302673,0.22580772638320923,0.16938462853431702,0.11557693779468536,0.047807689756155014,-0.042923085391521454,-0.12911540269851685,-0.18242308497428894,-0.19119229912757874
0.0764615535736084,0.11426924169063568,0.11903845518827438,0.07642307877540588,0.006692308001220226,-0.07065384089946747,-0.16446153819561005,-0.2528461813926697,-0.11138462275266647,-0.004307692404836416,0.06065385788679123,0.11107693612575531,0.17142310738563538,0.26003849506378174,0.2674230933189392,0.049423083662986755,-0.07900000363588333,-0.08399999886751175,-0.07050000131130219,-0.06576923280954361,-0.0648076981306076,-0.0027307714335620403,-0.0191153846681118,-0.048538461327552795,-0.09446154534816742,-0.14457692205905914,-0.17884618043899536,-0.1836923062801361,-0.15353845059871674,-0.059115391224622726,0.005807693116366863,0.06526924669742584,0.13534614443778992,0.16692307591438293,0.2157692313194275,0.1930384635925293,0.190192312002182,0.1829230636358261,0.1338077187538147,0.04657692462205887,-0.05000000447034836,-0.12296153604984283,-0.16492308676242828
0.07688461989164352,0.10892307758331299,0.12476924806833267,0.09261537343263626,0.032615385949611664,-0.03699999675154686,-0.1412307769060135,-0.25565388798713684,-0.18165384232997894,-0.027115382254123688,0.04511537775397301,0.10326922684907913,0.1513846069574356,0.2106538712978363,0.24411538243293762,0.10199999809265137,-0.07346154004335403,-0.06661538779735565,-0.06426923722028732,-0.06261538714170456,-0.02884615585207939,-0.017423076555132866,-0.014269230887293816,-0.01588461734354496,-0.049538470804691315,-0.09507692605257034,-0.12823078036308289,-0.15076923370361328,-0.13269230723381042,-0.08780769258737564,-0.026038460433483124,0.05011538788676262,0.12011539936065674,0.1425769180059433,0.17188462615013123,0.17726922035217285,0.21642304956912994,0.22753845155239105,0.20130771398544312,0.12780769169330597,0.05342308431863785,-0.027153847739100456,-0.11511537432670593
0.0751153752207756,0.1026538535952568,0.13257692754268646,0.11103848367929459,0.07407692074775696,0.016576923429965973,-0.10215385258197784,-0.22330769896507263,-0.24553847312927246,-0.07207692414522171,0.01650000363588333,0.07976922392845154,0.14615383744239807,0.16484616696834564,0.1643846333026886,0.13049998879432678,-0.011346154846251011,-0.054346151649951935,-0.052384618669748306,-0.04169230908155441,-0.027038464322686195,-0.023307690396904945,-0.020384617149829865,-0.0287692341953516,-0.04526923596858978,-0.06350000202655792,-0.075307697057724,-0.0997692346572876,-0.10165385156869888,-0.07542307674884796,-0.011576925404369831,0.04888461157679558,0.06196153908967972,0.11015386134386063,0.10634614527225494,0.18200001120567322,0.2387307584285736,0.2704615592956543,0.25623077154159546,0.20769231021404266,0.169307678937912,0.06546153128147125,-0.06657692044973373
0.08576922118663788,0.09888463467359543,0.12076924741268158,0.1244230791926384,0.11307693272829056,0.06942308694124222,-0.04919230937957764,-0.1907692551612854,-0.26811540126800537,-0.11226925253868103,0.003500002436339855,0.06903846561908722,0.1607692390680313,0.14453846216201782,0.12926922738552094,0.12419231235980988,0.036038462072610855,-0.019538462162017822,-0.03065384551882744,-0.009000003337860107,0.02350000850856304,0.024384615942835808,-0.009230769239366055,-0.057923078536987305,-0.08434616029262543,-0.09369231015443802,-0.09973077476024628,-0.08469231426715851,-0.06411539018154144,-0.02815384790301323,-0.0020000007934868336,0.014076931402087212,0.030923068523406982,0.05669230595231056,0.06265385448932648,0.16276922821998596,0.2490384727716446,0.30919232964515686,0.3136538863182068,0.27684617042541504,0.25161534547805786,0.13003847002983093,-0.024384615942835808
0.09023077040910721,0.09734617918729782,0.10519233345985413,0.12592308223247528,0.1301538497209549,0.11319230496883392,0.004500001668930054,-0.14307692646980286,-0.24092309176921844,-0.12234615534543991,-0.005461537279188633,0.09342309087514877,0.17707695066928864,0.11684615164995193,0.11719231307506561,0.13480770587921143,0.07961538434028625,0.061653852462768555,0.07107693701982498,0.09234615415334702,0.10580769926309586,0.0858076959848404,0.019846154376864433,-0.07323077321052551,-0.158615380525589,-0.1790769249200821,-0.15084615349769592,-0.13669230043888092,-0.0821923092007637,-0.0321153849363327,-0.02157692052423954,-0.016115384176373482,0.025384608656167984,0.011230770498514175,0.026230772957205772,0.13315385580062866,0.24265387654304504,0.34126922488212585,0.3426538109779358,0.30380770564079285,0.29788461327552795,0.15715384483337402,-0.00930769182741642
0.11549998074769974,0.08207692205905914,0.09215386211872101,0.09492307156324387,0.12869232892990112,0.11857692152261734,0.04780769720673561,-0.07726924121379852,-0.1666923314332962,-0.10315386205911636,0.006499999202787876,0.12880770862102509,0.10438460856676102,0.054730772972106934,0.16280768811702728,0.10200000554323196,0.07538460195064545,0.11565384268760681,0.15969231724739075,0.1752692312002182,0.18242308497428894,0.15399998426437378,0.0873461663722992,-0.013423076830804348,-0.1540384590625763,-0.24823078513145447,-0.26123079657554626,-0.20665386319160461,-0.14169231057167053,-0.06719231605529785,-0.02300000563263893,-0.0250384621322155,0.013769233599305153,-0.017230769619345665,-0.006269230507314205,0.08380769193172455,0.21703845262527466,0.3385000228881836,0.36380770802497864,0.31569230556488037,0.2800384759902954,0.1645384579896927,-0.023615386337041855
0.14246155321598053,0.09511539340019226,0.07088461518287659,0.05726923421025276,0.10784617066383362,0.09623077511787415,0.07007692754268646,-0.014499998651444912,-0.07642307877540588,-0.030653851106762886,0.049653854221105576,0.04676923528313637,0.009846152737736702,0.0940384492278099,0.1372307687997818,0.023653846234083176,0.059423089027404785,0.17023077607154846,0.2343076765537262,0.24149997532367706,0.24653849005699158,0.21684613823890686,0.15353845059871674,0.060192305594682693,-0.11119230091571808,-0.2676153779029846,-0.3371923565864563,-0.29696154594421387,-0.20173078775405884,-0.11730771511793137,-0.05273077264428139,-0.01934615708887577,-0.007384615950286388,-0.036000002175569534,-0.026846157386898994,0.040307700634002686,0.16957691311836243,0.28911539912223816,0.32500001788139343,0.3160000145435333,0.22892314195632935,0.1164230927824974,-0.06203845888376236
0.16750001907348633,0.10815386474132538,0.07249999791383743,0.029576923698186874,0.08496154099702835,0.09807693213224411,0.05769231542944908,0.03223077207803726,-0.030615389347076416,-0.005192307289689779,0.0029615378007292747,-0.017153847962617874,-0.004153846763074398,0.0942307710647583,0.07938461750745773,-0.061461541801691055,0.048076920211315155,0.1926538348197937,0.29634615778923035,0.29234614968299866,0.293730765581131,0.2834230959415436,0.2242308408021927,0.1427692323923111,-0.03226923197507858,-0.22215388715267181,-0.35157695412635803,-0.3514615595340729,-0.25180771946907043,-0.16442307829856873,-0.10365386307239532,-0.029038460925221443,-0.029230773448944092,-0.0575384646654129,-0.0380384661257267,0.01461538765579462,0.1194615438580513,0.2200000137090683,0.2687308192253113,0.2559615671634674,0.21784617006778717,0.05526922643184662,-0.08311539143323898
0.1925000101327896,0.11688462644815445,0.07661538571119308,0.03730769082903862,0.07103846967220306,0.11134616285562515,0.06946154683828354,0.03850000724196434,0.02480769157409668,-0.008153846487402916,-0.017192307859659195,-0.01923077180981636,-0.004346154630184174,0.003269231179729104,0.019538462162017822,-0.06265384703874588,0.029961539432406425,0.19280773401260376,0.3014615774154663,0.32103845477104187,0.28065383434295654,0.30403846502304077,0.2598077058792114,0.1825384795665741,0.028807690367102623,-0.1387692391872406,-0.28776925802230835,-0.3480384945869446,-0.28296157717704773,-0.2068077027797699,-0.15930770337581635,-0.05015385150909424,-0.04438461735844612,-0.07438461482524872,-0.04769231379032135,0.006769230589270592,0.08169230073690414,0.15688464045524597,0.18880771100521088,0.17692309617996216,0.1462307721376419,0.06369231641292572,-0.07592307031154633
0.2186538428068161,0.137230783700943,0.07976922392845154,0.063846156001091,0.07026924192905426,0.09465385228395462,0.09638462960720062,0.07326923310756683,0.048653844743967056,0.029076924547553062,0.009846155531704426,-0.003384615993127227,-0.0012692310847342014,-0.021307697519659996,-0.0510384626686573,-0.029384614899754524,0.03238461911678314,0.14665386080741882,0.2421538531780243,0.2979230582714081,0.27138465642929077,0.2801923155784607,0.27596157789230347,0.20326925814151764,0.0764615461230278,-0.07573077082633972,-0.19311538338661194,-0.2939615845680237,-0.2962692677974701,-0.24169231951236725,-0.22550000250339508,-0.10688461363315582,-0.07292307168245316,-0.0854230746626854,-0.054461538791656494,0.006192308850586414,0.0699615404009819,0.11465387791395187,0.11730770766735077,0.10103847086429596,0.04903845489025116,0.002846153685823083,-0.05350000038743019
0.24115386605262756,0.17765386402606964,0.11738462746143341,0.0934615433216095,0.09649999439716339,0.10380768775939941,0.10961537808179855,0.1070384681224823,0.09134615957736969,0.06792307645082474,0.04219230264425278,0.018269233405590057,-0.00253846263512969,-0.023807691410183907,-0.04919230937957764,-0.04984615370631218,-0.004653846379369497,0.07411538809537888,0.1681922972202301,0.22965385019779205,0.24815386533737183,0.21846157312393188,0.26292309165000916,0.23023079335689545,0.12876924872398376,-0.0009615377057343721,-0.12211538851261139,-0.2173461765050888,-0.28646156191825867,-0.2530769407749176,-0.2785384953022003,-0.22450000047683716,-0.13346154987812042,-0.11176923662424088,-0.0571538470685482,0.019769232720136642,0.0860000029206276,0.10619232058525085,0.08638462424278259,0.05519230663776398,0.01892307586967945,-0.0315384641289711,-0.058153849095106125
0.23769234120845795,0.20657691359519958,0.1686154007911682,0.1396923065185547,0.1334231048822403,0.1400769203901291,0.14853845536708832,0.1511538326740265,0.13815385103225708,0.11146153509616852,0.07969231903553009,0.046307701617479324,0.008346151560544968,-0.026884617283940315,-0.05392307788133621,-0.05842307582497597,-0.03376923128962517,0.00942307710647583,0.08157693594694138,0.14007693529129028,0.18619228899478912,0.16184616088867188,0.22880768775939941,0.22519232332706451,0.1798846423625946,0.08076923340559006,-0.03546154126524925,-0.14246155321598053,-0.22088465094566345,-0.26269233226776123,-0.2745000123977661,-0.33176928758621216,-0.24303847551345825,-0.17396153509616852,-0.0877307802438736,0.016307691112160683,0.09761536121368408,0.12434616684913635,0.09069231152534485,0.036500003188848495,-0.002615384291857481,-0.026576923206448555,-0.039115387946367264
0.2385384887456894,0.2075769603252411,0.19196152687072754,0.18296155333518982,0.18511541187763214,0.1964615136384964,0.20296157896518707,0.20526926219463348,0.18734616041183472,0.16100001335144043,0.13557693362236023,0.09926922619342804,0.05061538517475128,-0.006961538456380367,-0.061653852462768555,-0.09719232469797134,-0.09642308205366135,-0.06238461285829544,-0.009269230999052525,0.048653848469257355,0.09526923298835754,0.101115383207798,0.17869232594966888,0.2268846184015274,0.184807687997818,0.13861539959907532,0.05661538615822792,-0.047961536794900894,-0.14126922190189362,-0.21261538565158844,-0.2621154189109802,-0.30092310905456543,-0.3321923017501831,-0.2650384306907654,-0.1557692438364029,-0.03442307934165001,0.058653853833675385,0.10873077809810638,0.0989999920129776,0.036269232630729675,-0.026846159249544144,-0.05642308294773102,-0.03915385156869888
0.2626153826713562,0.2293461710214615,0.20923076570034027,0.20023077726364136,0.21399998664855957,0.22873082756996155,0.22815383970737457,0.22107690572738647,0.208307683467865,0.19030769169330597,0.1760769486427307,0.15207692980766296,0.11038462817668915,0.05292307958006859,-0.020807692781090736,-0.09657692164182663,-0.1454615294933319,-0.15896154940128326,-0.13200001418590546,-0.06353846192359924,0.0011538490653038025,0.03623076528310776,0.12165383249521255,0.20169232785701752,0.20626923441886902,0.1567307561635971,0.10238461196422577,0.032461538910865784,-0.05276923626661301,-0.13442307710647583,-0.203000009059906,-0.24588464200496674,-0.27761536836624146,-0.27842310070991516,-0.21896153688430786,-0.1251923143863678,-0.029807690531015396,0.039307694882154465,0.05426923558115959,0.005807687062770128,-0.04999999701976776,-0.08907691389322281,-0.08130770176649094
0.28869229555130005,0.2759615480899811,0.2524999976158142,0.2349230945110321,0.23407694697380066,0.22796154022216797,0.23896151781082153,0.24703846871852875,0.21969236433506012,0.22546155750751495,0.23788462579250336,0.2180769294500351,0.1716153919696808,0.10584616661071777,0.024115385487675667,-0.061423081904649734,-0.13984616100788116,-0.1930769383907318,-0.21611540019512177,-0.19642311334609985,-0.1324615478515625,-0.0498846173286438,0.04407692328095436,0.15496155619621277,0.21653848886489868,0.20046156644821167,0.12873078882694244,0.05465385690331459,-0.00023076940851751715,-0.07653846591711044,-0.14273078739643097,-0.1879231035709381,-0.21484613418579102,-0.21284617483615875,-0.19715386629104614,-0.16026924550533295,-0.09823078662157059,-0.058000002056360245,-0.03184615075588226,-0.05226924642920494,-0.09211539477109909,-0.11423076689243317,-0.11665384471416473
0.3174230754375458,0.31392309069633484,0.2873461842536926,0.25961539149284363,0.24088461697101593,0.24150003492832184,0.2771153748035431,0.24603846669197083,0.25084617733955383,0.2918076813220978,0.3130769431591034,0.2809615433216095,0.21261538565158844,0.1339615434408188,0.05061538517475128,-0.03992309048771858,-0.12192308157682419,-0.1884230673313141,-0.2310769408941269,-0.2409999966621399,-0.21011535823345184,-0.14388462901115417,-0.03750000149011612,0.09138461947441101,0.1850384771823883,0.206961527466774,0.1550000011920929,0.07007692754268646,0.006576924584805965,-0.04430769383907318,-0.11542307585477829,-0.16492308676242828,-0.17976926267147064,-0.18346156179904938,-0.1674230843782425,-0.14992305636405945,-0.139346182346344,-0.11007694154977798,-0.11103847622871399,-0.11669234186410904,-0.1385769248008728,-0.14557693898677826,-0.12361537665128708
