hycom_surface_current.json
{"header": {"parameterUnit": "m.s-1", "parameterNumber": 2, "dx": 0.12, "dy": 0.11699999999999999, "parameterNumberName": "Eastward current", "la1": 31.920000076293945, "la2": 18.1200008392334, "parameterCategory": 2, "lo2": -76.4000244140625, "nx": 181, "ny": 116, "refTime": "2020-07-01 12:00:00", "lo1": -98.0}, "data":
[rows 19 to 37 of 116, columns 86 to 128 of 181]
-0.02519230730831623,-0.03157692402601242,-0.03076923079788685,-0.02419230341911316,-0.010384613648056984,0.0033846141304820776,-0.0012307711876928806,-0.0025769227650016546,-0.0016153844771906734,0.00257692439481616,0.020807692781090736,0.025461535900831223,0.02853846549987793,0.022153843194246292,0.019653847441077232,0.013000000268220901,0.03903845697641373,0.04276923090219498,0.04000000283122063,0.042769234627485275,0.032999999821186066,0.022653846070170403,0.013423076830804348,0.026500003412365913,0.05376923084259033,0.056000012904405594,0.04111538827419281,0.03161538392305374,0.028038468211889267,0.029615379869937897,0.03176923841238022,0.02807692438364029,0.026153845712542534,0.030423084273934364,0.02803845889866352,0.014192311093211174,0.0,0.0,0.0,0.0,0.0,0.0,0.0
0.07023077458143234,0.0018076931592077017,-0.030000001192092896,-0.010153845883905888,0.03099999949336052,0.01569230668246746,-0.009192309342324734,0.0039230771362781525,0.014961536973714828,7.692294457228854e-05,-0.001076923101209104,0.013192309066653252,0.02796154096722603,0.04361538216471672,0.028115389868617058,0.04142308235168457,-0.00476923119276762,-0.017999999225139618,-0.002192308660596609,0.028538458049297333,0.05946154147386551,0.043000008910894394,0.03196153789758682,0.0248461551964283,0.030346153303980827,0.0443461611866951,0.04765385016798973,0.04365384578704834,0.0307692289352417,0.016192303970456123,0.009999996982514858,0.012384616769850254,0.010961541905999184,0.020346157252788544,0.024076925590634346,0.021653849631547928,0.0,0.0,0.0,0.0,0.0,0.0,0.0
0.2339615523815155,0.25146153569221497,0.14330771565437317,0.01303846575319767,-0.03246154263615608,-0.033615391701459885,-0.05111538618803024,-0.04961538687348366,-0.020923074334859848,-0.015500000678002834,-0.03142307698726654,-0.027307692915201187,-0.03507692366838455,-0.02238461747765541,0.001115387654863298,0.022576920688152313,0.04899999871850014,0.04115383327007294,0.07842307537794113,0.09765385091304779,0.07938461750745773,0.05938461050391197,0.05853845924139023,0.05980771407485008,0.03626924008131027,0.029038459062576294,0.027538461610674858,0.020230770111083984,0.01811538264155388,0.013461538590490818,0.012999997474253178,0.010500004515051842,0.01076922845095396,0.009192312136292458,0.0183461531996727,0.030384618788957596,0.02288462035357952,0.004923077300190926,0.0,0.0,0.0,0.0,0.0
0.22546151280403137,0.22853845357894897,0.22557689249515533,0.2440769523382187,0.12953844666481018,0.062000010162591934,0.07323078066110611,0.020576925948262215,-0.024538464844226837,-0.04026922956109047,-0.03419230878353119,-0.029423078522086143,-0.06315385550260544,-0.08365385234355927,-0.0804615467786789,-0.05976923555135727,0.002115382347255945,0.06184615567326546,0.06934615969657898,0.06030769646167755,0.06326924264431,0.05857692286372185,0.055000003427267075,0.03776922449469566,0.029269225895404816,0.01946154236793518,0.014846155419945717,0.01403846312314272,0.010115384124219418,0.006999993696808815,0.00703846849501133,0.009961540810763836,0.011153842322528362,0.01946154236793518,0.02230769582092762,0.032999999821186066,0.03073076531291008,0.019923077896237373,0.0,0.0,0.0,0.0,0.0
0.5657308101654053,0.47873079776763916,0.364307701587677,0.295846164226532,0.26749998331069946,0.2511153817176819,0.19757692515850067,0.10507691651582718,0.014538462273776531,-0.022423075512051582,-0.03719230368733406,-0.0447307750582695,-0.049115393310785294,-0.04019230976700783,-0.044961534440517426,-0.052115388214588165,-0.04565385356545448,-0.017230771481990814,0.013000001199543476,0.0026923096738755703,0.030692309141159058,0.029576923698186874,0.03646154701709747,0.036115385591983795,0.03469230979681015,0.030000001192092896,0.02500000223517418,0.023192308843135834,0.02169230207800865,0.015961533412337303,0.013384612277150154,0.017346156761050224,0.020192313939332962,0.020115379244089127,0.026269230991601944,0.031115390360355377,0.03150000423192978,0.025423072278499603,0.019576920196413994,0.0,0.0,0.0,0.0
0.7186539173126221,0.6948846578598022,0.6075769066810608,0.4906923174858093,0.3536538779735565,0.2582307755947113,0.2073846161365509,0.15276922285556793,0.055269233882427216,0.005153844133019447,-0.03815384954214096,-0.05996153503656387,-0.07407692819833755,-0.07565385103225708,-0.05711539089679718,-0.042615387588739395,-0.04630769044160843,-0.04653845727443695,-0.0159615371376276,-0.010153845883905888,-0.016769230365753174,0.008269231766462326,0.023692311719059944,0.027692314237356186,0.028307704254984856,0.02242307737469673,0.019769221544265747,0.022846154868602753,0.023807702586054802,0.023153837770223618,0.020000001415610313,0.016692306846380234,0.020269228145480156,0.020538469776511192,0.019846154376864433,0.026153849437832832,0.030884619802236557,0.03119230642914772,0.03111538663506508,0.027230767533183098,0.01626923494040966,0.0,0.0
0.5684230923652649,0.6437308192253113,0.6635000705718994,0.5829231142997742,0.4644230604171753,0.3280000686645508,0.1976538449525833,0.13480770587921143,0.07573077827692032,0.024192310869693756,-0.049307700246572495,-0.11915384978055954,-0.1548077017068863,-0.1661154180765152,-0.15688464045524597,-0.13115385174751282,-0.08138461410999298,-0.033384617418050766,-0.023230772465467453,-0.005115384701639414,0.009346157312393188,-0.006192306987941265,-0.008692309260368347,0.013692306354641914,0.010730763897299767,0.01115384604781866,0.0011153790401294827,0.004769223742187023,0.01307692565023899,0.01569230854511261,0.01965384930372238,0.01826922409236431,0.016230765730142593,0.020192313939332962,0.021000001579523087,0.021307695657014847,0.025384623557329178,0.029500000178813934,0.026230771094560623,0.019461533054709435,0.017961539328098297,0.011653849855065346,0.0
0.4509231150150299,0.4612308144569397,0.5201923847198486,0.5693461298942566,0.5132308602333069,0.3801538646221161,0.23692311346530914,0.13142307102680206,0.09253847599029541,0.053923070430755615,-0.03157692775130272,-0.09419231861829758,-0.14153847098350525,-0.164000004529953,-0.16980768740177155,-0.1693846434354782,-0.15123076736927032,-0.0997692346572876,-0.02553846314549446,0.00976923294365406,0.009884614497423172,0.01876923069357872,0.0023846151307225227,-0.011230770498514175,0.006615387741476297,-0.0013461540220305324,0.004692306742072105,-0.002153845736756921,0.006153850816190243,0.017961541190743446,0.019653845578432083,0.018192311748862267,0.01661538891494274,0.018346156924962997,0.024346156045794487,0.0232307780534029,0.020884616300463676,0.01980769634246826,0.023346154019236565,0.020538460463285446,0.017153840512037277,0.013000004924833775,0.0
0.3318461775779724,0.3346923589706421,0.3626538813114166,0.4356153905391693,0.47550010681152344,0.38942307233810425,0.28657692670822144,0.16830770671367645,0.12873077392578125,0.12230769544839859,0.05219230800867081,-0.01130769308656454,-0.04734615236520767,-0.051576919853687286,-0.035461537539958954,-0.033153846859931946,-0.04111538454890251,-0.05450000241398811,-0.04707692191004753,-0.00026923188124783337,0.027461547404527664,0.023384619504213333,0.027807695791125298,0.007538463454693556,-0.013423074968159199,-0.00023076955403666943,-0.005730772390961647,0.0038846151437610388,-0.000269234471488744,0.003923075273633003,0.009076920337975025,0.013076916337013245,0.01219231728464365,0.016115384176373482,0.020423080772161484,0.022038457915186882,0.024230770766735077,0.023730773478746414,0.025461547076702118,0.021000001579523087,0.013615390285849571,0.013076931238174438,0.0
0.10973077267408371,0.1576923280954361,0.2169230729341507,0.2926153838634491,0.3400000035762787,0.3608846366405487,0.3290769159793854,0.2471153885126114,0.17961539328098297,0.20138460397720337,0.24549998342990875,0.20619232952594757,0.17615383863449097,0.16569232940673828,0.1515769362449646,0.12465386092662811,0.07638461142778397,0.028846153989434242,0.01569230481982231,0.01926923170685768,0.03123076632618904,0.04307692497968674,0.05288461968302727,0.04219231382012367,0.0035769217647612095,-0.020923078060150146,-0.014307694509625435,-0.009769231081008911,0.007923075929284096,0.007346152327954769,0.012576921842992306,0.014307691715657711,0.014384613372385502,0.016692308709025383,0.020807692781090736,0.026192300021648407,0.030846159905195236,0.026846151798963547,0.024500008672475815,0.02146153338253498,0.011384622193872929,0.00930769182741642,0.0
-0.06388460844755173,-0.012846151366829872,0.06323077529668808,0.12553846836090088,0.17134617269039154,0.22865387797355652,0.28242310881614685,0.29546159505844116,0.2649230659008026,0.2672692537307739,0.3119615316390991,0.3746154010295868,0.38042303919792175,0.3341153860092163,0.2993077039718628,0.2897692322731018,0.2680000364780426,0.1946154236793518,0.12076923251152039,0.08942306786775589,0.07688461244106293,0.049038469791412354,0.06234615668654442,0.07942307740449905,0.044923074543476105,-0.002384616993367672,-0.02223077230155468,-0.01592307910323143,-0.00792307872325182,0.005923082120716572,0.009461537003517151,0.01903846487402916,0.016576921567320824,0.013538463972508907,0.018038464710116386,0.028615383431315422,0.035538457334041595,0.03215384855866432,0.029807696118950844,0.023576926440000534,0.010307692922651768,0.004692306276410818,0.0
-0.25450003147125244,-0.19999998807907104,-0.1722307801246643,-0.11665385216474533,-0.03834615275263786,0.07369230687618256,0.19661539793014526,0.2970385253429413,0.3741922974586487,0.3945385217666626,0.38457685708999634,0.40834614634513855,0.41596147418022156,0.3844231069087982,0.37842315435409546,0.36188459396362305,0.3260769248008728,0.3132692575454712,0.25584614276885986,0.18649999797344208,0.13900001347064972,0.10588463395833969,0.06926923245191574,0.08634614944458008,0.08380769938230515,0.0437692329287529,-0.0029230760410428047,-0.023461537435650826,-0.009999998845160007,0.010500004515051842,0.025192303583025932,0.026538461446762085,0.03346153721213341,0.025230772793293,0.021153846755623817,0.02857692912220955,0.03992307931184769,0.04384615272283554,0.03434615582227707,0.028961539268493652,0.012153835967183113,0.0034615385811775923,0.0
-0.4369616210460663,-0.4233461916446686,-0.4159615933895111,-0.361115425825119,-0.2612307667732239,-0.1146923154592514,0.058192308992147446,0.22896155714988708,0.350923091173172,0.44273075461387634,0.516846239566803,0.5573461651802063,0.5643846988677979,0.5578077435493469,0.545923113822937,0.5078076720237732,0.4358077049255371,0.3792692720890045,0.320576936006546,0.2595769762992859,0.20169232785701752,0.14903846383094788,0.09053845703601837,0.08234615623950958,0.09376923739910126,0.07811538875102997,0.043038468807935715,0.0034230737946927547,-0.01588461548089981,0.0012692359741777182,0.012615380808711052,0.03807692974805832,0.03492308035492897,0.03596153110265732,0.02534615620970726,0.02819230780005455,0.03453846648335457,0.04103846848011017,0.04373077303171158,0.032576922327280045,0.015038462355732918,0.0,0.0
-0.6076539158821106,-0.5813846588134766,-0.549423098564148,-0.4822308123111725,-0.37073075771331787,-0.21423077583312988,-0.033192310482263565,0.1450769156217575,0.29165390133857727,0.40780767798423767,0.49461543560028076,0.5561924576759338,0.5789231061935425,0.5807692408561707,0.544769287109375,0.503000020980835,0.43361541628837585,0.37296152114868164,0.31107693910598755,0.26126930117607117,0.22503849864006042,0.18161536753177643,0.1158461645245552,0.08449999988079071,0.08857692778110504,0.07496154308319092,0.05461537837982178,0.026076924055814743,-0.007923080585896969,-0.013346165418624878,-0.00015384539437945932,0.012269229628145695,0.03080769255757332,0.03476923331618309,0.03215385228395462,0.020769229158759117,0.02142307348549366,0.02530769445002079,0.030346155166625977,0.0315384641289711,0.008153845556080341,0.0,0.0
-0.563076913356781,-0.5372692346572876,-0.4480384588241577,-0.34257692098617554,-0.2248077094554901,-0.12603846192359924,-0.03453846275806427,0.06130769103765488,0.14980770647525787,0.2335769385099411,0.31584614515304565,0.3938077390193939,0.44846150279045105,0.46507692337036133,0.4356153607368469,0.39746156334877014,0.35269230604171753,0.31815382838249207,0.27992308139801025,0.251153826713562,0.21400001645088196,0.1886153519153595,0.13807693123817444,0.07600001245737076,0.08623076230287552,0.0713077038526535,0.04192308709025383,0.02480768784880638,-0.0016538461204618216,-0.02588461898267269,-0.029807686805725098,-0.007653846871107817,0.006115386262536049,0.013192305341362953,0.029115380719304085,0.02176922932267189,0.021423079073429108,0.030423076823353767,0.03473076969385147,0.02776923030614853,0.00953846238553524,0.0,0.0
-0.6866154074668884,-0.6172692775726318,-0.508307695388794,-0.41200006008148193,-0.3086923062801361,-0.20461538434028625,-0.12299999594688416,-0.04880768805742264,0.016884617507457733,0.06742307543754578,0.10023077577352524,0.13557693362236023,0.168038472533226,0.20976923406124115,0.24703846871852875,0.25523078441619873,0.24746155738830566,0.24680767953395844,0.22680769860744476,0.19703848659992218,0.1665000170469284,0.14480769634246826,0.1309230774641037,0.0644230842590332,0.0722692459821701,0.05473077669739723,0.03130768984556198,0.004461537580937147,-0.02076922543346882,-0.05246153846383095,-0.05880769342184067,-0.042346153408288956,-0.009615383110940456,0.0017692320980131626,0.007730769459158182,0.0234230849891901,0.029115386307239532,0.04392307996749878,0.04015384614467621,0.03111538663506508,0.009615384973585606,0.0,0.0
-0.7139230966567993,-0.6627693176269531,-0.5452308058738708,-0.4342692196369171,-0.3339230418205261,-0.2561154067516327,-0.2126922756433487,-0.17876921594142914,-0.12588462233543396,-0.061230774968862534,-0.026653846725821495,-0.041961535811424255,-0.013307690620422363,0.048076923936605453,0.08515385538339615,0.0999615490436554,0.09926924109458923,0.1091538593173027,0.1584615558385849,0.1999230682849884,0.15284617245197296,0.11357691884040833,0.1064615398645401,0.0567692294716835,0.04676923528313637,0.04000000283122063,0.013423081487417221,-0.010461535304784775,-0.050000011920928955,-0.07180768996477127,-0.07280769944190979,-0.06896154582500458,-0.0374615341424942,-0.017730772495269775,-0.0009615386952646077,0.016461538150906563,0.027038464322686195,0.01946154050529003,0.012538461945950985,0.02146153710782528,0.018500003963708878,0.008423076942563057,0.0
-0.6912307739257812,-0.7211153507232666,-0.6513077020645142,-0.5136154294013977,-0.33396151661872864,-0.18784616887569427,-0.13750000298023224,-0.131153866648674,-0.15050001442432404,-0.19007693231105804,-0.17288461327552795,-0.12465385347604752,-0.11369231343269348,-0.1397307813167572,-0.12780769169330597,-0.09738460928201675,-0.05961538851261139,-0.000653844908811152,0.08484616875648499,0.13699999451637268,0.1330384612083435,0.08826922625303268,0.07380770146846771,0.04411537945270538,0.027576925233006477,0.021000001579523087,0.0036538487765938044,-0.007192310411483049,-0.05146154388785362,-0.07842309027910233,-0.07592307031154633,-0.08542308211326599,-0.05726923421025276,-0.04000000283122063,-0.00784615334123373,-0.0008846141863614321,0.01173077430576086,0.00769230630248785,0.033692311495542526,0.04403847083449364,0.033307693898677826,0.0,0.0
-0.4816923141479492,-0.578499972820282,-0.5973078012466431,-0.5351539254188538,-0.3872692883014679,-0.19526921212673187,-0.060384608805179596,-0.020576920360326767,-0.03684614598751068,-0.1083846241235733,-0.18623080849647522,-0.24334613978862762,-0.23246155679225922,-0.17626923322677612,-0.10565384477376938,-0.06076923385262489,-0.02553846314549446,-0.02161538600921631,-0.051653847098350525,-0.06042308360338211,-0.05476922541856766,-0.01569230668246746,0.015576920472085476,0.018153846263885498,-0.000461539690149948,-0.0022307708859443665,0.009346152655780315,0.020846156403422356,-0.027461538091301918,-0.05411539226770401,-0.06407693028450012,-0.07900001108646393,-0.0686153843998909,-0.044730767607688904,-0.020346153527498245,0.005423075519502163,0.001423074514605105,0.008692310191690922,0.016615387052297592,0.032538458704948425,0.03511538356542587,0.030384616926312447,0.0
