hycom_GLBy0p08_surface_current.json
{"header": {"parameterUnit": "m.s-1", "parameterNumber": 2, "dx": 0.4, "dy": 0.2, "parameterNumberName": "Eastward current", "la1": 40.0, "la2": 8.0, "parameterCategory": 2, "lo2": 320.0, "nx": 161, "ny": 161, "refTime": "2020-06-29 13:30:00", "lo1": 256.0}, "data":
[rows 114 to 132 of 161, columns 88 to 131 of 161]
0.10090000927448273,-0.07610000669956207,-0.2671999931335449,-0.4157000482082367,-0.42160001397132874,-0.35280004143714905,-0.2889000177383423,-0.19840002059936523,-0.1428000032901764,-0.11429999768733978,-0.0746999979019165,0.02510000206530094,0.07270000874996185,0.07650000602006912,0.08400000631809235,-0.022600000724196434,-0.04830000177025795,-0.06550000607967377,-0.037800006568431854,0.06359999626874924,0.05629999563097954,0.01730000041425228,0.03660000115633011,-0.017200002446770668,-0.0763000026345253,-0.12240000069141388,-0.08990000188350677,-0.20910000801086426,-0.2773999869823456,-0.179500013589859,-0.12630000710487366,-0.10570001602172852,-0.13260000944137573,-0.2191999852657318,-0.37490004301071167,-0.410800039768219,-0.3662000298500061,-0.23350000381469727,-0.1421000212430954,-0.10770000517368317,-0.03860000520944595,-0.1031000018119812,-0.14019998908042908,-0.1763000190258026
0.19269999861717224,-0.09640000760555267,-0.2662000060081482,-0.3546000123023987,-0.372700035572052,-0.34790000319480896,-0.3024999797344208,-0.2547000050544739,-0.19380001723766327,-0.1576000154018402,-0.12380000203847885,-0.081200011074543,-0.044600002467632294,0.03070000186562538,0.047300003468990326,0.03500000387430191,-0.03160000592470169,-0.0325000025331974,-0.014199997298419476,0.04240000247955322,0.033900000154972076,0.03220000118017197,-0.029399996623396873,-0.04190000891685486,-0.08800000697374344,-0.10320000350475311,-0.052299998700618744,-0.0625000074505806,-0.07430000603199005,-0.09410001337528229,-0.02670000120997429,-0.07760000228881836,-0.08980000764131546,-0.1670999825000763,-0.27070000767707825,-0.28930002450942993,-0.23149999976158142,-0.17669999599456787,-0.09950000047683716,-0.09449999779462814,-0.11319999396800995,-0.0804000049829483,-0.0877000018954277,-0.11159999668598175
0.20960001647472382,-0.1006999984383583,-0.2238999903202057,-0.272599995136261,-0.3353000283241272,-0.35780003666877747,-0.3135000169277191,-0.32899996638298035,-0.28620001673698425,-0.23900000751018524,-0.20390000939369202,-0.21480002999305725,-0.19220000505447388,-0.09370001405477524,-0.03290000557899475,0.007700002286583185,-0.015300003811717033,0.007499999366700649,-0.032899998128414154,0.016100000590085983,0.06340000778436661,0.026399999856948853,0.012699998915195465,-0.0617000050842762,-0.0997999981045723,-0.05939999222755432,0.020100001245737076,0.10740000009536743,0.1347000151872635,0.010100001469254494,0.007899999618530273,-0.08030001074075699,-0.08649999648332596,-0.10950000584125519,-0.10809999704360962,-0.09950000047683716,-0.08800000697374344,-0.11100001633167267,-0.03759999945759773,-0.012000000104308128,-0.09520000219345093,-0.037700001150369644,-0.026900002732872963,-0.053199999034404755
0.16500000655651093,-0.1023000031709671,-0.18530002236366272,-0.20059999823570251,-0.3003999888896942,-0.33880001306533813,-0.3330000042915344,-0.36980003118515015,-0.3523000180721283,-0.3278000056743622,-0.28290000557899475,-0.28280001878738403,-0.30240002274513245,-0.2209000140428543,-0.13910001516342163,-0.0901000052690506,-0.09790001809597015,-0.09530000388622284,-0.012199999764561653,0.09830000251531601,0.09300000965595245,0.1819000095129013,0.12240000069141388,-0.039900001138448715,-0.11080000549554825,-0.07160000503063202,-0.0007999984663911164,0.13270001113414764,0.1616000086069107,0.08729999512434006,0.009800001047551632,-0.013299999758601189,-0.054099999368190765,-0.03230000287294388,0.0632999986410141,0.10890001058578491,0.02670000120997429,-0.05859999731183052,-0.03070000186562538,0.021900001913309097,0.05410000681877136,0.03270000219345093,0.021199999377131462,-0.03110000118613243
0.11150000989437103,-0.09760000556707382,-0.15320000052452087,-0.1673000156879425,-0.2565000057220459,-0.3166999816894531,-0.36990004777908325,-0.381600022315979,-0.4174000322818756,-0.4140000343322754,-0.3726000189781189,-0.28630003333091736,-0.34320002794265747,-0.2638000249862671,-0.2346000224351883,-0.18170000612735748,-0.22750000655651093,-0.2558000087738037,-0.042100004851818085,-0.0999000072479248,0.12600001692771912,0.25280001759529114,0.1624000072479248,0.003100000321865082,-0.11660001426935196,-0.11130000650882721,-0.059999994933605194,0.026200002059340477,0.1275000125169754,0.08750001341104507,0.008500001393258572,0.07380001246929169,-0.04330000281333923,0.11660001426935196,0.21570000052452087,0.24660000205039978,0.10889999568462372,-0.041200004518032074,-0.04959999769926071,-0.019700001925230026,0.12380001693964005,0.12189999967813492,0.03930000215768814,-0.03400000184774399
0.04599999636411667,-0.10130000114440918,-0.12970000505447388,-0.17030000686645508,-0.21570000052452087,-0.29580003023147583,-0.3850000202655792,-0.36390000581741333,-0.41839998960494995,-0.4310999810695648,-0.41600003838539124,-0.29930001497268677,-0.24080002307891846,-0.29610002040863037,-0.14070001244544983,-0.1511000096797943,-0.1177000030875206,-0.17570000886917114,0.0,-0.03860000893473625,0.13460001349449158,0.1412000060081482,0.1333000212907791,0.013799999840557575,-0.10559999942779541,-0.12490000575780869,-0.11209999024868011,-0.08180000633001328,0.009600000455975533,0.0276000015437603,-0.004100002348423004,0.031300000846385956,0.07500000298023224,0.19920000433921814,0.3370000123977661,0.34130004048347473,0.11969999969005585,-0.06280000507831573,-0.0609000101685524,-0.012800002470612526,0.04230000823736191,0.14579999446868896,0.05820000171661377,-0.04000000283122063
-0.019600000232458115,-0.09740000218153,-0.09970000386238098,-0.1581999957561493,-0.14900000393390656,-0.2192000150680542,-0.31690001487731934,-0.32359999418258667,-0.3021000027656555,-0.3077999949455261,-0.3217000365257263,-0.26499998569488525,-0.17170003056526184,-0.23649999499320984,-0.027000004425644875,0.2053999900817871,0.12700000405311584,0.10779999196529388,0.0,-0.05550000071525574,-0.014899998903274536,-0.007799997925758362,0.0616999976336956,0.01730000041425228,-0.10889998823404312,-0.133200004696846,-0.12060000747442245,-0.09379999339580536,-0.07430000603199005,-0.06069999933242798,-0.05800000950694084,-0.015500001609325409,0.08009999990463257,0.19540002942085266,0.27730000019073486,0.2355000078678131,0.01730000041425228,-0.10889999568462372,-0.06400000303983688,-0.002999999327585101,0.0869000107049942,0.09359999746084213,0.04170000180602074,-0.0666000097990036
-0.07479999959468842,-0.08950000256299973,-0.06880000978708267,-0.10790000855922699,-0.08260000497102737,-0.10240000486373901,-0.18850001692771912,-0.22110001742839813,-0.13839998841285706,-0.12540000677108765,-0.16919998824596405,-0.2144000232219696,-0.1770000010728836,-0.17960000038146973,0.055800002068281174,0.30170002579689026,0.35830003023147583,0.3191000521183014,-0.019899997860193253,-0.049800001084804535,-0.1453000009059906,-0.0552000030875206,-0.024800002574920654,-0.009800000116229057,-0.1136000007390976,-0.13620001077651978,-0.12060000747442245,-0.0771000012755394,-0.11780001223087311,-0.11700000613927841,-0.10850000381469727,-0.04719999432563782,0.021700002253055573,0.09020000696182251,0.13369999825954437,0.07760000228881836,-0.081200011074543,-0.14390000700950623,-0.08940000832080841,0.02500000037252903,0.08510000258684158,0.09730000048875809,-0.019100002944469452,-0.125900000333786
-0.13610000908374786,-0.0786999985575676,-0.0414000004529953,-0.035100001841783524,-0.015400001779198647,0.02970000170171261,-0.007800000719726086,-0.061100006103515625,-0.1039000004529953,-0.0016000010073184967,-0.073900006711483,-0.1712000072002411,-0.21809999644756317,-0.22280001640319824,-0.03929999843239784,0.1858000010251999,0.33650004863739014,0.1608000099658966,0.026100000366568565,-0.08470000326633453,-0.13580000400543213,-0.034700002521276474,-0.11050000041723251,-0.020100001245737076,-0.11560002714395523,-0.1072000041604042,-0.13460001349449158,-0.07770000398159027,-0.1274999976158142,-0.1348000168800354,-0.12000001966953278,-0.08430000394582748,-0.028600001707673073,0.013700000941753387,0.006000000052154064,-0.06359999626874924,-0.1526000201702118,-0.18060000240802765,-0.12850001454353333,-0.02550000324845314,0.012299999594688416,0.0037000004667788744,-0.10480000078678131,-0.17810001969337463
-0.20190000534057617,-0.07779999822378159,-0.016600001603364944,0.02980000153183937,0.06570000946521759,0.1266000121831894,0.11240001022815704,0.018400000408291817,-0.049800001084804535,-0.011099999770522118,-0.013700002804398537,-0.14409999549388885,-0.26270002126693726,-0.3197000324726105,-0.2013000249862671,0.05790000036358833,0.20100000500679016,0.1291000097990036,-0.051600001752376556,-0.03530000522732735,-0.08290000259876251,-0.05979999899864197,-0.01590000092983246,-0.02200000174343586,-0.11110000312328339,-0.09710000455379486,-0.11830000579357147,-0.1080000251531601,-0.10870001465082169,-0.09019999206066132,-0.12110002338886261,-0.09270000457763672,-0.058100007474422455,-0.0779000073671341,-0.10440000146627426,-0.10730000585317612,-0.17870000004768372,-0.18880002200603485,-0.1387999951839447,-0.07750000059604645,-0.1363999992609024,-0.10639999806880951,-0.1745000034570694,-0.20970001816749573
-0.24369999766349792,-0.09000000357627869,0.0016000004252418876,0.06859999895095825,0.12300001084804535,0.14140000939369202,0.1096000075340271,0.03460000455379486,-0.014200001955032349,0.02200000174343586,-0.0015000008279457688,-0.1339000165462494,-0.2840000092983246,-0.38040000200271606,-0.3340000510215759,-0.0885000005364418,0.011499997228384018,0.0016000006580725312,-0.09759999811649323,-0.08619999885559082,-0.09330000728368759,-0.05390000343322754,-0.009600000455975533,-0.0585000105202198,-0.10160001367330551,-0.11230000108480453,-0.09960000962018967,-0.09200000762939453,-0.07889999449253082,-0.10639999806880951,-0.09920000284910202,-0.08480000495910645,-0.11500000953674316,-0.14169998466968536,-0.1388000100851059,-0.09700000286102295,-0.11050000041723251,-0.11449998617172241,-0.10320000350475311,-0.08410000801086426,-0.24780002236366272,-0.2568000257015228,-0.18170000612735748,-0.19540001451969147
-0.2751000225543976,-0.10780000686645508,-0.0025999993085861206,0.11900000274181366,0.18619999289512634,0.18389999866485596,0.12519998848438263,0.06480000168085098,0.026600003242492676,0.011800000444054604,-0.026399999856948853,-0.14249999821186066,-0.2867000102996826,-0.40799999237060547,-0.4863000512123108,-0.3216000199317932,-0.24620001018047333,-0.18790000677108765,-0.13750000298023224,-0.07780000567436218,-0.06730000674724579,-0.08960000425577164,-0.10349999368190765,-0.1210000142455101,-0.14160001277923584,-0.13820001482963562,-0.09669999778270721,-0.04800000414252281,-0.07149999588727951,-0.09550000727176666,-0.07180000096559525,-0.08059999346733093,-0.12800000607967377,-0.1284000128507614,-0.10050000250339508,-0.09390000998973846,0.02370000071823597,0.04470000043511391,-0.03180000185966492,-0.06610000878572464,-0.24160000681877136,-0.2566000521183014,-0.16699999570846558,-0.15400001406669617
-0.33180004358291626,-0.10430000722408295,-0.00419999985024333,0.17459999024868011,0.3254999816417694,0.34870001673698425,0.2587999701499939,0.1193000078201294,0.06759999692440033,-0.022300001233816147,-0.08230000734329224,-0.17790000140666962,-0.2818000316619873,-0.409900039434433,-0.6106000542640686,-0.5844999551773071,-0.40800005197525024,-0.18950000405311584,-0.03909999877214432,0.0,-0.1454000025987625,-0.1737000048160553,-0.22060003876686096,-0.18810001015663147,-0.23029999434947968,-0.22010000050067902,-0.14980000257492065,-0.07039999961853027,-0.0027999989688396454,-0.02420000173151493,-0.04970001056790352,-0.09410001337528229,0.003900000359863043,0.0048000020906329155,0.027700001373887062,0.07860000431537628,0.19830001890659332,0.15240000188350677,0.03240000084042549,-0.044599998742341995,-0.09280000627040863,-0.16349999606609344,-0.12960000336170197,-0.11090000718832016
-0.3319000005722046,-0.1615000069141388,0.07000000029802322,0.34929999709129333,0.46310001611709595,0.41360002756118774,0.3304000198841095,0.17499999701976776,0.07010000199079514,-0.06950000673532486,-0.1511000096797943,-0.2013000249862671,-0.2529999911785126,-0.35499998927116394,-0.641800045967102,-0.8118001222610474,-0.5769001245498657,-0.19300000369548798,-0.07130000740289688,-0.00800000037997961,-0.06780000030994415,-0.2734000086784363,-0.33899998664855957,-0.2771000266075134,-0.2901000380516052,-0.26669999957084656,-0.1776999980211258,-0.13660001754760742,0.06040000170469284,0.03060000017285347,-0.03930000215768814,-0.10319999605417252,-0.05259999632835388,-0.0023000009823590517,0.009200001135468483,0.08480000495910645,0.18900002539157867,0.172200009226799,0.06440000236034393,-0.039500005543231964,-0.05310000106692314,-0.07420001178979874,-0.07920000702142715,-0.08890000730752945
-0.3598000407218933,0.04179999977350235,0.2840999960899353,0.37620002031326294,0.3736000061035156,0.30560001730918884,0.24300000071525574,0.14809998869895935,0.024700000882148743,-0.12469999492168427,-0.19390001893043518,-0.19259999692440033,-0.1881999969482422,-0.24990001320838928,-0.5326000452041626,-0.870400071144104,-0.7825000286102295,-0.472800076007843,-0.2508000135421753,-0.2686000466346741,-0.07460000365972519,-0.34040001034736633,-0.35600000619888306,-0.36020001769065857,-0.2606000006198883,-0.21159999072551727,-0.15219999849796295,-0.15560001134872437,-0.0012000016868114471,0.036000002175569534,-0.02370000258088112,-0.09760000556707382,-0.1371000111103058,-0.07340000569820404,-0.04039999842643738,0.026500001549720764,0.16179999709129333,0.1670999974012375,0.04010000079870224,-0.058500003069639206,-0.020400002598762512,-0.036900002509355545,-0.04390000179409981,-0.0641000047326088
-0.051100004464387894,0.11860001087188721,0.2225000113248825,0.25110000371932983,0.20330002903938293,0.14589998126029968,0.09929999709129333,0.023900002241134644,-0.06369999796152115,-0.18410000205039978,-0.24090000987052917,-0.21560001373291016,-0.17560000717639923,-0.1998000293970108,-0.39250001311302185,-0.7858000993728638,-0.8319000005722046,-0.5652000308036804,-0.3278000056743622,-0.31610003113746643,-0.3605000376701355,-0.3978000283241272,-0.43780001997947693,-0.33810001611709595,-0.14060001075267792,-0.09790000319480896,-0.1039000004529953,-0.12640002369880676,-0.0560000017285347,0.06080000475049019,0.014300000853836536,-0.045500002801418304,-0.12950000166893005,-0.09070000052452087,-0.04110000282526016,0.03710000216960907,0.09049999713897705,0.08380000293254852,-0.010500000789761543,-0.08340001851320267,-0.024399999529123306,-0.0046000005677342415,-0.007400000933557749,-0.003600001335144043
-0.08430000394582748,-0.032999999821186066,0.004900000989437103,-0.006699998863041401,-0.036900002509355545,-0.04899999871850014,-0.08620001375675201,-0.13130000233650208,-0.1591000109910965,-0.257500022649765,-0.2907000184059143,-0.27720004320144653,-0.1779000163078308,-0.18820001184940338,-0.35610002279281616,-0.5078000426292419,-0.6537999510765076,-0.6553999781608582,-0.3987000286579132,-0.014900000765919685,-0.08250000327825546,-0.3736000061035156,-0.4278000295162201,-0.21460004150867462,0.016100000590085983,0.03850000351667404,-0.05370000749826431,-0.06930000334978104,-0.09430000185966492,0.06890000402927399,0.05830000713467598,0.01230000052601099,-0.09989999979734421,-0.01770000159740448,0.01470000110566616,0.06520000100135803,0.02759999968111515,0.023800000548362732,-0.03290000185370445,-0.08510001003742218,-0.04429999738931656,0.014800000004470348,0.02460000105202198,0.08960000425577164
-0.2758999764919281,-0.3068000078201294,-0.3068000078201294,-0.285800039768219,-0.2713000178337097,-0.2508000135421753,-0.2624000012874603,-0.26190000772476196,-0.22180001437664032,-0.2953999936580658,-0.31209999322891235,-0.33730000257492065,-0.2500000298023224,-0.18970002233982086,-0.24940001964569092,-0.399399995803833,-0.5800999999046326,-0.48100000619888306,-0.5249000787734985,-0.30340003967285156,-0.11150000244379044,-0.2629000246524811,-0.21090002357959747,-0.004200001247227192,0.21010001003742218,0.07580000162124634,-0.04020000249147415,-0.06460000574588776,-0.14820000529289246,0.001299999887123704,0.05829999968409538,0.11780001223087311,0.10600000619888306,0.06140000745654106,0.08050000667572021,0.0885000005364418,0.010400000959634781,-0.024300001561641693,-0.050400007516145706,-0.08510001003742218,-0.10730000585317612,-0.02250000275671482,0.0706000030040741,0.10260001569986343
-0.538100004196167,-0.5677000284194946,-0.5738000273704529,-0.5332000255584717,-0.5034000277519226,-0.46240004897117615,-0.40630000829696655,-0.29440003633499146,-0.26249998807907104,-0.2775000035762787,-0.2767000198364258,-0.29189997911453247,-0.2257000207901001,-0.12350000441074371,-0.07890000194311142,-0.11300001293420792,-0.3611000180244446,-0.43870002031326294,-0.25690001249313354,-0.666100025177002,-0.30320000648498535,-0.15569999814033508,-0.03999999910593033,0.19850000739097595,0.07419999688863754,0.03790000081062317,-0.05080000311136246,-0.10220000892877579,-0.19500000774860382,-0.13850000500679016,0.06039999797940254,0.11750000715255737,0.18559999763965607,0.12639999389648438,0.09550000727176666,0.09510000050067902,-0.00030000024707987905,-0.04430000111460686,-0.060300011187791824,-0.10740000009536743,-0.10040000826120377,-0.018000001087784767,0.10929999500513077,0.14470002055168152
