hycom_surface_current.json
{"header": {"parameterUnit": "m.s-1", "parameterNumber": 3, "dx": 0.12, "dy": 0.11699999999999999, "parameterNumberName": "Northward current", "la1": 31.920000076293945, "la2": 18.1200008392334, "parameterCategory": 2, "lo2": -76.4000244140625, "nx": 181, "ny": 116, "refTime": "2020-07-01 12:00:00", "lo1": -98.0}, "data":
[rows 95 to 113 of 116, columns 129 to 171 of 181]
-0.4577692449092865,-0.35184621810913086,-0.24911537766456604,-0.15526925027370453,-0.10580770671367645,-0.01803845912218094,0.09542308747768402,0.12353846430778503,0.1534615308046341,0.24642309546470642,0.25450003147125244,0.2798846364021301,0.3163461685180664,0.31965383887290955,0.32307693362236023,0.31473079323768616,0.23426924645900726,0.18507693707942963,0.17476923763751984,0.2044999897480011,0.19238463044166565,0.17138463258743286,0.08769230544567108,-0.062076929956674576,-0.22488464415073395,-0.36134621500968933,-0.5041154026985168,-0.31749996542930603,0.0678461566567421,0.15803846716880798,0.18615387380123138,0.16942308843135834,0.11938461661338806,0.06973077356815338,0.03296154364943504,0.032961539924144745,-0.0020769243128597736,0.08711539208889008,0.07011537998914719,0.04919230937957764,0.04488461837172508,0.04938461631536484,0.043000005185604095
-0.41676920652389526,-0.37207698822021484,-0.31684616208076477,-0.2544230818748474,-0.16103845834732056,-0.10161542147397995,-0.008115390315651894,0.0926923006772995,0.12242308259010315,0.20519232749938965,0.22961542010307312,0.2826923429965973,0.3202308118343353,0.333961546421051,0.3157307803630829,0.3062308132648468,0.2591923177242279,0.19130770862102509,0.1628461629152298,0.1926538646221161,0.1703076958656311,0.1500769406557083,0.12465386092662811,-0.014807691797614098,-0.21088460087776184,-0.3641153573989868,-0.4763077199459076,-0.44930776953697205,-0.053115375339984894,0.14426924288272858,0.20911537110805511,0.19869233667850494,0.14173077046871185,0.06276923418045044,0.005499999038875103,0.11442308127880096,0.12496154010295868,0.06792307645082474,0.06019230931997299,0.07123077660799026,0.07403846830129623,0.06926923245191574,0.07946153730154037
-0.31896159052848816,-0.3088846504688263,-0.2958846390247345,-0.28738462924957275,-0.2431153655052185,-0.16653846204280853,-0.09946154057979584,-0.0030769226141273975,0.0579230822622776,0.13538461923599243,0.1989615559577942,0.27569231390953064,0.3239615857601166,0.32899999618530273,0.3052692413330078,0.2861154079437256,0.273999959230423,0.2051153928041458,0.1617307811975479,0.19219230115413666,0.13288460671901703,0.11896153539419174,0.15053845942020416,0.038807693868875504,-0.17173077166080475,-0.34642308950424194,-0.4103846251964569,-0.47930777072906494,-0.168230801820755,0.08873077481985092,0.20380769670009613,0.19603846967220306,0.15053847432136536,0.061115384101867676,0.005884619429707527,-0.008115379139780998,0.1481153815984726,0.1360769420862198,0.08388462662696838,0.08050000667572021,0.07869231700897217,0.057961542159318924,0.10280768573284149
-0.23676925897598267,-0.2584230601787567,-0.273576945066452,-0.29465386271476746,-0.2991923391819,-0.23784613609313965,-0.1679999977350235,-0.09869231283664703,-0.030076928436756134,0.05434615910053253,0.15357692539691925,0.27576926350593567,0.3418077230453491,0.33746153116226196,0.2955384850502014,0.2739615738391876,0.2608461380004883,0.18526925146579742,0.17169231176376343,0.1749231070280075,0.09069231152534485,0.09607692807912827,0.1641538292169571,0.08246152848005295,-0.14242306351661682,-0.3168846666812897,-0.3791923224925995,-0.43857696652412415,-0.23180769383907318,0.01130769308656454,0.1651538461446762,0.15965384244918823,0.1414615511894226,0.05338461697101593,0.0017692300025373697,0.010153844952583313,0.07103846222162247,0.13811539113521576,0.12330770492553711,0.0835384801030159,0.10592307150363922,0.05630769580602646,0.016692308709025383
-0.1334230899810791,-0.2064231038093567,-0.2704615294933319,-0.28700000047683716,-0.28396156430244446,-0.26157692074775696,-0.22676922380924225,-0.18207691609859467,-0.11915384232997894,-0.02853846177458763,0.10657692700624466,0.27442309260368347,0.35696157813072205,0.3526923358440399,0.2926154136657715,0.2488846480846405,0.23746155202388763,0.15780769288539886,0.1696922928094864,0.12907692790031433,0.05965384468436241,0.07438461482524872,0.1605769246816635,0.08938462287187576,-0.15473078191280365,-0.2899231016635895,-0.35249999165534973,-0.4182308614253998,-0.24492311477661133,-0.008423077873885632,0.10973076522350311,0.09796154499053955,0.09900001436471939,0.029807694256305695,-0.004346158355474472,0.020346157252788544,0.05053846538066864,0.12546156346797943,0.14038461446762085,0.09723078459501266,0.09123077988624573,0.010653846897184849,0.0
-0.038884613662958145,-0.10726924985647202,-0.21130770444869995,-0.30076923966407776,-0.30400002002716064,-0.2586154341697693,-0.25319230556488037,-0.24911540746688843,-0.1987692266702652,-0.10246153920888901,0.07107692956924438,0.2598845958709717,0.35792309045791626,0.34873077273368835,0.2855384945869446,0.1987692415714264,0.18876923620700836,0.1137307733297348,0.12469231337308884,0.07838462293148041,0.03684615716338158,0.042153842747211456,0.12000000476837158,0.038884617388248444,-0.16565385460853577,-0.2962692379951477,-0.3836539089679718,-0.37873080372810364,-0.20026923716068268,0.01580769196152687,0.05373077094554901,0.030230773612856865,0.026615384966135025,0.007230772636830807,0.005730769596993923,0.025846153497695923,0.07523076981306076,0.16138461232185364,0.20838461816310883,0.16238461434841156,0.0,0.0,0.0
-0.005769232288002968,-0.04780769720673561,-0.12296153604984283,-0.2299615442752838,-0.3133077025413513,-0.3159230947494507,-0.29673078656196594,-0.290153831243515,-0.2540000081062317,-0.14930769801139832,0.04992308467626572,0.2527307868003845,0.34857696294784546,0.33273079991340637,0.22984617948532104,0.13657695055007935,0.12242308259010315,0.05942308157682419,0.057615384459495544,0.032615385949611664,0.003346154233440757,-0.001884615165181458,0.0028076942544430494,-0.027000006288290024,-0.216384619474411,-0.3542308211326599,-0.3835769295692444,-0.2847692370414734,-0.06857692450284958,-0.01784615032374859,-0.002923077903687954,-0.013230767101049423,-0.010807696729898453,0.008692309260368347,0.03965384513139725,0.06942307949066162,0.12507693469524384,0.21996155381202698,0.2779615521430969,0.22407695651054382,0.014230769127607346,0.0666923075914383,0.0382307693362236
0.0038846167735755444,-0.03561538830399513,-0.0901922881603241,-0.17253845930099487,-0.25238463282585144,-0.3108077049255371,-0.3108077049255371,-0.2995769679546356,-0.27800002694129944,-0.1611538827419281,0.0678461492061615,0.2691538631916046,0.34800001978874207,0.27203845977783203,0.15065385401248932,0.058038465678691864,0.052961546927690506,-0.006423072889447212,0.00699999975040555,-0.015115384943783283,-0.05423078313469887,-0.0772307813167572,-0.046769239008426666,-0.010730769485235214,-0.30592310428619385,-0.3744615912437439,-0.3090384900569916,-0.11934617161750793,-0.07884616404771805,-0.05573076382279396,-0.04565385729074478,-0.02834615856409073,0.007192310411483049,0.04738461971282959,0.05557692423462868,0.05053846538066864,0.18584616482257843,0.3041538894176483,0.3736923038959503,0.3752308189868927,0.26596155762672424,0.20230770111083984,0.11723078042268753
0.05346154421567917,-0.011423074640333652,-0.0831538513302803,-0.15626923739910126,-0.21365386247634888,-0.2675769031047821,-0.2968077063560486,-0.3125,-0.26880770921707153,-0.12180768698453903,0.12284617871046066,0.22730772197246552,0.22319231927394867,0.21949999034404755,0.113730788230896,-0.0003076883440371603,0.0038846200332045555,-0.06261538714170456,-0.01769230328500271,-0.043461546301841736,-0.09292308986186981,-0.10076921433210373,-0.05884615331888199,-0.08042307943105698,-0.31742313504219055,-0.33515384793281555,-0.23523078858852386,-0.0898461639881134,-0.11161540448665619,-0.08376921713352203,-0.04880770295858383,-0.008038455620408058,0.02869230881333351,0.051807694137096405,0.07269230484962463,0.1293846219778061,0.3130769431591034,0.3619999885559082,0.4393846392631531,0.4714231491088867,0.38126927614212036,0.31661537289619446,0.19661539793014526
0.07976923882961273,0.03430769592523575,-0.02715384028851986,-0.10515386611223221,-0.19780771434307098,-0.26973074674606323,-0.30569231510162354,-0.30100005865097046,-0.277730792760849,0.009192308411002159,0.04130769148468971,-0.0038846146780997515,0.12180769443511963,0.2698461711406708,0.1150769293308258,-0.010730773210525513,-0.03169231489300728,-0.08023076504468918,-0.027230767533183098,-0.05126923322677612,-0.07576923817396164,-0.13903847336769104,-0.2081538736820221,-0.06753846257925034,-0.30930769443511963,-0.3241923153400421,-0.20138461887836456,-0.13480767607688904,-0.11838463693857193,-0.07649999111890793,-0.0399615541100502,-0.004076926037669182,0.02203846164047718,0.061807695776224136,0.13784615695476532,0.2345384806394577,0.3612692654132843,0.408692330121994,0.5166154503822327,0.45946162939071655,0.44253847002983093,0.35792309045791626,0.2372307926416397
0.0791153833270073,0.03180769458413124,-0.017846154049038887,-0.0753076896071434,-0.14288462698459625,-0.23053845763206482,-0.32942306995391846,-0.32080772519111633,-0.27438461780548096,-0.16738462448120117,0.05380769073963165,0.0,0.09653846174478531,0.3130384683609009,0.12011538445949554,-0.023846151307225227,-0.07042307406663895,-0.06311539560556412,-0.02449999935925007,-0.0439615435898304,-0.08600001037120819,-0.18553847074508667,-0.30665385723114014,-0.08315384387969971,-0.320884644985199,-0.34053850173950195,-0.19180771708488464,-0.15323077142238617,-0.12099999934434891,-0.08523077517747879,-0.042692311108112335,-0.00753845926374197,0.03811538591980934,0.11246153712272644,0.21211539208889008,0.3124999701976776,0.39119231700897217,0.47384610772132874,0.5125000476837158,0.4523846209049225,0.45380768179893494,0.350538432598114,0.2305385023355484
0.09284616261720657,0.04750000685453415,0.0003076930879615247,-0.06488461792469025,-0.14188462495803833,-0.22119233012199402,-0.31334617733955383,-0.34334617853164673,-0.28200000524520874,-0.13280771672725677,-0.02173076942563057,0.1435384899377823,0.23811540007591248,0.17630770802497864,0.0439615398645401,-0.07238462567329407,-0.0934615433216095,-0.01650000363588333,0.022269232198596,-0.01257692463696003,-0.10723075270652771,-0.2106538563966751,-0.31523072719573975,-0.14996157586574554,-0.35196155309677124,-0.36407697200775146,-0.2062692642211914,-0.16296154260635376,-0.15473078191280365,-0.08942309767007828,-0.015461540780961514,0.03384615480899811,0.09311538189649582,0.1771923154592514,0.28703850507736206,0.38034623861312866,0.4204231798648834,0.4761538505554199,0.4243846535682678,0.4507308006286621,0.4140385091304779,0.33080771565437317,0.20157693326473236
0.0688076987862587,0.004692308139055967,-0.016999997198581696,-0.054499998688697815,-0.128269225358963,-0.24326926469802856,-0.3148077130317688,-0.33226919174194336,-0.27342307567596436,-0.14442308247089386,-0.07123076915740967,0.21842311322689056,0.1886538416147232,0.04161538928747177,-0.05361539125442505,-0.13050001859664917,-0.038461536169052124,0.07042308151721954,0.10099999606609344,-0.013038461096584797,-0.15946155786514282,-0.24880772829055786,-0.33438464999198914,-0.22492310404777527,-0.3870384991168976,-0.36226925253868103,-0.23250001668930054,-0.20826926827430725,-0.17946156859397888,-0.08492308109998703,0.0183461531996727,0.0902307778596878,0.16365385055541992,0.24853847920894623,0.3474230468273163,0.4141923487186432,0.43457692861557007,0.409769207239151,0.2875000238418579,0.4109615683555603,0.37146157026290894,0.2998461425304413,0.19011537730693817
0.0697692260146141,-0.0364999957382679,-0.05946153774857521,-0.07423078268766403,-0.11969231069087982,-0.23403845727443695,-0.30476921796798706,-0.3191538453102112,-0.2621923089027405,-0.20538464188575745,0.020576925948262215,0.21073079109191895,0.10965383797883987,-0.029846152290701866,-0.1345384418964386,-0.13999998569488525,-0.01549999974668026,0.14842306077480316,0.1840769201517105,0.008961537852883339,-0.20019231736660004,-0.29042309522628784,-0.3282308280467987,-0.3199999928474426,-0.38926929235458374,-0.32180771231651306,-0.2396538257598877,-0.23600003123283386,-0.19488462805747986,-0.08576922863721848,0.05915385112166405,0.1513846069574356,0.22569234669208527,0.3073461651802063,0.396269291639328,0.40953847765922546,0.42484620213508606,0.30434614419937134,0.1526923030614853,0.3553077280521393,0.37742310762405396,0.29826924204826355,0.19600002467632294
0.058961547911167145,-0.02838461846113205,-0.07630769163370132,-0.10346154868602753,-0.14350000023841858,-0.22103844583034515,-0.2833077311515808,-0.29653847217559814,-0.2846153676509857,-0.2641923427581787,0.054730772972106934,0.17084616422653198,0.06388462334871292,-0.07219230383634567,-0.17865386605262756,-0.15503846108913422,0.007846157066524029,0.20503847301006317,0.24730774760246277,0.04934615641832352,-0.19434615969657898,-0.2995384931564331,-0.29726922512054443,-0.3693077266216278,-0.35996153950691223,-0.25869232416152954,-0.23769232630729675,-0.23026926815509796,-0.179500013589859,-0.051846154034137726,0.09742307662963867,0.2084999829530716,0.27500003576278687,0.34603849053382874,0.39746153354644775,0.3978077471256256,0.4413462281227112,0.16926924884319305,0.03565384820103645,0.2604615092277527,0.37257692217826843,0.31869232654571533,0.23084615170955658
0.04442307725548744,-0.014692307449877262,-0.06015384942293167,-0.10234615206718445,-0.1536923199892044,-0.21534618735313416,-0.2623846232891083,-0.28569233417510986,-0.3046922981739044,-0.2893461585044861,0.030769232660531998,0.13750001788139343,0.01869230717420578,-0.11519232392311096,-0.1784999966621399,-0.13415385782718658,0.032576922327280045,0.18607693910598755,0.2191922813653946,0.05776923894882202,-0.16507694125175476,-0.27846160531044006,-0.2514999806880951,-0.3448846638202667,-0.31357696652412415,-0.19961537420749664,-0.19661538302898407,-0.17073076963424683,-0.12253846228122711,0.006807695142924786,0.10792308300733566,0.22200003266334534,0.2920769453048706,0.34869226813316345,0.33803847432136536,0.4141923487186432,0.3373846709728241,0.05153846740722656,-0.013307691551744938,0.1060769185423851,0.2562692165374756,0.31030771136283875,0.2680000066757202
0.036615386605262756,-0.01907692477107048,-0.0575384646654129,-0.09915386885404587,-0.1494615525007248,-0.1987692266702652,-0.23650000989437103,-0.25961539149284363,-0.2990769147872925,-0.2805769443511963,0.009038464166224003,0.10142307728528976,-0.006076923571527004,-0.1326538771390915,-0.15057693421840668,-0.07969232648611069,0.04750000685453415,0.13384614884853363,0.13811537623405457,0.05199999362230301,-0.11526922881603241,-0.22880768775939941,-0.17384617030620575,-0.2886154055595398,-0.2651154100894928,-0.1458461433649063,-0.14346155524253845,-0.10892308503389359,-0.04915384575724602,0.03165385127067566,0.11496154218912125,0.21126921474933624,0.2701154053211212,0.3248846232891083,0.2807307839393616,0.3423077464103699,0.15780769288539886,0.015038460493087769,0.0017692308174446225,0.027461538091301918,0.06353845447301865,0.13715386390686035,0.16907691955566406
0.026076924055814743,-0.03142308071255684,-0.07096154987812042,-0.10661537200212479,-0.13707691431045532,-0.16500002145767212,-0.18361538648605347,-0.21361540257930756,-0.28573077917099,-0.23484620451927185,-0.004038465209305286,0.061115384101867676,-0.0057307700626552105,-0.1148846223950386,-0.10992307215929031,-0.03350000083446503,0.09034614264965057,0.10419229418039322,0.07930770516395569,0.020692307502031326,-0.0772307738661766,-0.15192309021949768,-0.14999999105930328,-0.22284618020057678,-0.19796156883239746,-0.09742308408021927,-0.08265384286642075,-0.05953846499323845,-0.003923074342310429,0.06523077934980392,0.1320769488811493,0.18896153569221497,0.23673082888126373,0.27265387773513794,0.29350006580352783,0.19273075461387634,0.01396153960376978,0.007230769377201796,0.0,0.0,0.0,0.0,0.0
0.01630769483745098,-0.035884615033864975,-0.06992309540510178,-0.09542308747768402,-0.112192302942276,-0.1271153837442398,-0.14923079311847687,-0.19561539590358734,-0.25103846192359924,-0.15857693552970886,-0.027307692915201187,0.011461540125310421,-0.01884615421295166,-0.06873076409101486,-0.04673077166080475,0.04069230705499649,0.09969230741262436,0.1118076965212822,0.08411538600921631,0.02126923017203808,-0.05434616282582283,-0.1146923154592514,-0.14307691156864166,-0.162653848528862,-0.13050000369548798,-0.07011537998914719,-0.034999996423721313,-0.002192307962104678,0.04123077169060707,0.08642307668924332,0.1280384361743927,0.16811539232730865,0.2116154134273529,0.20000003278255463,0.308346152305603,0.0,0.0,0.0,0.0,0.0,0.0,0.0,0.0
