hycom_surface_current.json
{"header": {"parameterUnit": "m.s-1", "parameterNumber": 2, "dx": 0.12, "dy": 0.11699999999999999, "parameterNumberName": "Eastward current", "la1": 31.920000076293945, "la2": 18.1200008392334, "parameterCategory": 2, "lo2": -76.4000244140625, "nx": 181, "ny": 116, "refTime": "2020-07-01 12:00:00", "lo1": -98.0}, "data":
[rows 57 to 75 of 116, columns 0 to 42 of 181]
0.0,0.0,0.0,-0.0035769229289144278,0.0,0.05519230663776398,0.050923075526952744,0.11726924031972885,0.2526923418045044,0.2576153874397278,0.1718461513519287,0.13023076951503754,0.135692298412323,0.1546153873205185,0.15823078155517578,0.1430000215768814,0.1300000101327896,0.128653883934021,0.10203845798969269,0.10334616154432297,0.06476923823356628,0.02203846350312233,-0.014807691797614098,-0.030961541458964348,-0.03061538189649582,-0.029615389183163643,-0.019307691603899002,-0.001961540663614869,0.017961539328098297,0.0155769232660532,0.007807692047208548,0.0030384601559489965,0.017423078417778015,0.027230771258473396,0.0728076919913292,0.12353846430778503,0.15296155214309692,0.1863461434841156,0.24673080444335938,0.20880770683288574,0.17707692086696625,0.1911153942346573,0.22515389323234558
0.0,0.0,0.0,-0.01126923318952322,0.006384615320712328,0.06507692486047745,0.1194615438580513,0.24038460850715637,0.2742692530155182,0.21284618973731995,0.1305384486913681,0.1248077005147934,0.15734615921974182,0.17426925897598267,0.17846155166625977,0.1596154123544693,0.1519615352153778,0.12742309272289276,0.10750000923871994,0.09407691657543182,0.08307692408561707,0.04092307761311531,0.002346154535189271,-0.004192305728793144,0.005576922558248043,0.02165384404361248,0.01565384678542614,-0.006115383934229612,-0.028461536392569542,-0.04576922953128815,-0.0682307630777359,-0.08834613859653473,-0.06800000369548798,-0.03280769661068916,0.03850000724196434,0.09434615820646286,0.1632307916879654,0.23057690262794495,0.19453850388526917,0.16950002312660217,0.18511541187763214,0.21911540627479553,0.23730771243572235
0.0,0.0,0.0,0.0,0.03769231215119362,0.11226924508810043,0.21173079311847687,0.29649996757507324,0.22496157884597778,0.12888461351394653,0.113923080265522,0.14119231700897217,0.18250001966953278,0.19988463819026947,0.19257694482803345,0.19092310965061188,0.17426922917366028,0.138384610414505,0.11096154153347015,0.06853846460580826,0.06630769371986389,0.038884617388248444,0.00919230654835701,0.00046153852599672973,-0.006153847090899944,-0.032307691872119904,-0.060807690024375916,-0.0814230740070343,-0.10826924443244934,-0.14115384221076965,-0.1568845957517624,-0.1567307561635971,-0.12142311036586761,-0.058115389198064804,0.026423078030347824,0.13657692074775696,0.18188461661338806,0.1634230762720108,0.14015385508537292,0.14149999618530273,0.17346152663230896,0.20692308247089386,0.2255384922027588
0.0,0.0,0.0,0.04438462108373642,0.10319231450557709,0.15926922857761383,0.23753848671913147,0.22757694125175476,0.13850000500679016,0.09534616023302078,0.12646153569221497,0.16957694292068481,0.19550000131130219,0.21515385806560516,0.21684619784355164,0.22265386581420898,0.19484615325927734,0.14934615790843964,0.09819231927394867,0.048961538821458817,0.03819230943918228,0.020500002428889275,-0.008846154436469078,-0.038692303001880646,-0.07592307776212692,-0.128269225358963,-0.16938461363315582,-0.1899615228176117,-0.20576922595500946,-0.21761539578437805,-0.1957307606935501,-0.18400001525878906,-0.13707692921161652,-0.02588461898267269,0.10273076593875885,0.14103847742080688,0.134346142411232,0.1255769282579422,0.11815384775400162,0.13442307710647583,0.1836923062801361,0.20326924324035645,0.20900000631809235
0.0,0.0,0.0,0.02238462120294571,0.09515386074781418,0.13623076677322388,0.18403847515583038,0.13765385746955872,0.09150000661611557,0.10638462007045746,0.1466153860092163,0.17519232630729675,0.20284615457057953,0.21434617042541504,0.23196154832839966,0.21319229900836945,0.1846153885126114,0.13261538743972778,0.07011538743972778,0.028846153989434242,0.017307695001363754,-0.0013076919130980968,-0.036769233644008636,-0.08269231021404266,-0.15430770814418793,-0.19957688450813293,-0.22903847694396973,-0.24623078107833862,-0.2455769181251526,-0.22742313146591187,-0.20415383577346802,-0.1622692197561264,-0.05000000819563866,0.055846162140369415,0.10273078829050064,0.10861536860466003,0.1085769310593605,0.12930770218372345,0.1718076914548874,0.20519232749938965,0.2150384783744812,0.1934615522623062,0.17869232594966888
0.0,0.0,0.0,0.042807694524526596,0.08169232308864594,0.10311538726091385,0.13919231295585632,0.09726922959089279,0.09830768406391144,0.1303461492061615,0.15550000965595245,0.1716538816690445,0.18838460743427277,0.2024231255054474,0.19615386426448822,0.1712692379951477,0.1414230912923813,0.09242308139801025,0.039576925337314606,-0.0006153845461085439,-0.020192306488752365,-0.028346162289381027,-0.05865384638309479,-0.0953846275806427,-0.1744999885559082,-0.23149999976158142,-0.24719230830669403,-0.2546153962612152,-0.23823079466819763,-0.20080770552158356,-0.13899999856948853,-0.0437692366540432,0.03161538392305374,0.06703846901655197,0.06615385413169861,0.07838460803031921,0.09903845191001892,0.13026922941207886,0.1893846094608307,0.20823080837726593,0.1802307665348053,0.15723079442977905,0.1594230830669403
0.0,0.0,0.0,0.010192308574914932,0.07003846764564514,0.10019232332706451,0.12742309272289276,0.09511537849903107,0.10230770707130432,0.13176922500133514,0.14157693088054657,0.1485000103712082,0.15992309153079987,0.165346160531044,0.13823077082633972,0.11165384203195572,0.08130769431591034,0.03730769455432892,0.008884613402187824,-0.017807690426707268,-0.046538468450307846,-0.04926923289895058,-0.06865385919809341,-0.08280769735574722,-0.12123077362775803,-0.16942310333251953,-0.17857693135738373,-0.17111538350582123,-0.13461540639400482,-0.08546154201030731,-0.01284615509212017,0.05126923322677612,0.0843077078461647,0.09338461607694626,0.0818076953291893,0.09284615516662598,0.09276923537254333,0.10249999910593033,0.12380768358707428,0.1273076832294464,0.12642309069633484,0.14100001752376556,0.15469232201576233
0.0,0.0,0.0,0.05653846636414528,0.0733846127986908,0.12796154618263245,0.15303847193717957,0.0946153923869133,0.07973077893257141,0.0942307785153389,0.09903845191001892,0.11057692021131516,0.11626923084259033,0.09380769729614258,0.07096154242753983,0.052653852850198746,0.014769230969250202,-0.019846158102154732,-0.03484615311026573,-0.043038468807935715,-0.073961541056633,-0.07180769741535187,-0.08257691562175751,-0.08888460695743561,-0.12088461965322495,-0.09819231927394867,-0.06611538678407669,-0.04184615984559059,-0.008846154436469078,0.04196154326200485,0.09603846073150635,0.1307692527770996,0.15473078191280365,0.15376923978328705,0.1406538486480713,0.12684616446495056,0.10334616154432297,0.11038462817668915,0.11653847247362137,0.11750001460313797,0.13373075425624847,0.14784616231918335,0.16296154260635376
0.0,0.0,0.025615382939577103,0.11242309212684631,0.10100000351667404,0.1676153987646103,0.1813846230506897,0.08842308819293976,0.045846156775951385,0.04073077067732811,0.04769231379032135,0.0561923123896122,0.03846154361963272,0.026500003412365913,0.004730769898742437,-0.017730770632624626,-0.0625,-0.0829615443944931,-0.08588460832834244,-0.09361540526151657,-0.10088460892438889,-0.10238461196422577,-0.12046153843402863,-0.09111540019512177,-0.08146154880523682,-0.07611537724733353,-0.046346161514520645,0.003500001272186637,0.06226923316717148,0.12026925384998322,0.16984616219997406,0.2095385193824768,0.22565382719039917,0.20961543917655945,0.18034617602825165,0.16015386581420898,0.15553846955299377,0.15019232034683228,0.13330769538879395,0.13100001215934753,0.1364615559577942,0.149076908826828,0.1728076934814453
0.0,0.0,-0.007038461044430733,0.07730769366025925,0.10799999535083771,0.20726926624774933,0.1909230649471283,0.0751153752207756,0.010153845883905888,-0.00553846312686801,0.0009615414310246706,-0.005038467235863209,-0.02157692238688469,-0.03476922959089279,-0.04711538180708885,-0.0812307670712471,-0.12623077630996704,-0.13719232380390167,-0.12780769169330597,-0.12573076784610748,-0.10223077237606049,-0.08234615623950958,-0.072230763733387,-0.05446154624223709,-0.0256153866648674,0.00915384478867054,0.03819230571389198,0.07273077219724655,0.1190769299864769,0.17273078858852386,0.22176924347877502,0.25107690691947937,0.24915382266044617,0.2343076914548874,0.21800002455711365,0.21073077619075775,0.18626922369003296,0.15392306447029114,0.14515385031700134,0.13319233059883118,0.128461554646492,0.1510000079870224,0.1433461755514145
0.0,0.0,0.0,0.05369230732321739,0.16349999606609344,0.23076926171779633,0.17857691645622253,0.04330769553780556,-0.023538460955023766,-0.037653848528862,-0.03942308574914932,-0.04661537706851959,-0.0772307813167572,-0.0928846076130867,-0.09980770945549011,-0.1265384554862976,-0.16499999165534973,-0.16919228434562683,-0.1353076845407486,-0.1288461685180664,-0.0953846126794815,-0.05150000378489494,-0.03850000351667404,-0.017730776220560074,0.017730768769979477,0.06042307987809181,0.1074230968952179,0.15200001001358032,0.18873080611228943,0.21642310917377472,0.23811540007591248,0.2506153881549835,0.2442692667245865,0.2230769246816635,0.19253847002983093,0.16500002145767212,0.15626923739910126,0.15715385973453522,0.16392311453819275,0.14188462495803833,0.12823078036308289,0.1194615364074707,0.06626923382282257
0.0,0.0,0.0,0.08988462388515472,0.188076913356781,0.19923076033592224,0.13269230723381042,-0.0027307714335620403,-0.050923075526952744,-0.06238461285829544,-0.07084615528583527,-0.09103846549987793,-0.14253845810890198,-0.1964615434408188,-0.16315385699272156,-0.16996154189109802,-0.17173078656196594,-0.1735384613275528,-0.12911540269851685,-0.08138461410999298,-0.06546154618263245,-0.047269225120544434,0.0041538444347679615,0.06400000303983688,0.12349999696016312,0.17876921594142914,0.22446154057979584,0.2593076825141907,0.28123077750205994,0.2921154201030731,0.29373079538345337,0.2771923243999481,0.24507690966129303,0.21415385603904724,0.1941923201084137,0.1895769238471985,0.19223077595233917,0.19219228625297546,0.16980767250061035,0.13103845715522766,0.10538461804389954,0.04553845897316933,-0.001153846736997366
0.0,0.0,0.0,0.08376923948526382,0.14884616434574127,0.12684617936611176,0.04542307183146477,-0.061038460582494736,-0.08038461953401566,-0.08273077011108398,-0.10442307591438293,-0.1360769271850586,-0.18780769407749176,-0.30134618282318115,-0.30784618854522705,-0.25207698345184326,-0.21030773222446442,-0.17538461089134216,-0.14169231057167053,-0.09076923877000809,-0.017846154049038887,0.05100000649690628,0.10599999874830246,0.1529230922460556,0.17776921391487122,0.19242310523986816,0.21396151185035706,0.23792307078838348,0.25846153497695923,0.27169233560562134,0.2694615125656128,0.2583846151828766,0.24915383756160736,0.2473077028989792,0.24684619903564453,0.23915384709835052,0.22234615683555603,0.19111540913581848,0.14723075926303864,0.11019232869148254,0.05403846129775047,-0.01226923055946827,-0.058153845369815826
0.0,0.0,0.0,0.06661538779735565,0.07323075830936432,0.04034615308046341,-0.03619230538606644,-0.11184617131948471,-0.1188846305012703,-0.13480769097805023,-0.151961550116539,-0.17403846979141235,-0.19849999248981476,-0.31892305612564087,-0.40169236063957214,-0.41315391659736633,-0.3567692041397095,-0.2855384647846222,-0.23600000143051147,-0.20511537790298462,-0.16311539709568024,-0.10200000554323196,-0.040076930075883865,0.026153845712542534,0.09350000321865082,0.15034615993499756,0.19007693231105804,0.2214999943971634,0.24199999868869781,0.25699999928474426,0.2649230659008026,0.2619231045246124,0.25426924228668213,0.2523461580276489,0.2492692470550537,0.23592306673526764,0.19846151769161224,0.15530769526958466,0.11473076790571213,0.07576923072338104,0.00607692264020443,-0.04684615135192871,-0.10153846442699432
0.0,0.0,0.03965384513139725,0.04749999940395355,0.0033846148289740086,-0.03203846141695976,-0.09726922959089279,-0.14500001072883606,-0.1618846356868744,-0.2096923291683197,-0.2268461436033249,-0.22673079371452332,-0.2104615867137909,-0.2516923248767853,-0.3681923449039459,-0.4101923108100891,-0.40165388584136963,-0.36996155977249146,-0.3208461105823517,-0.2635384500026703,-0.20253847539424896,-0.13511539995670319,-0.06642308086156845,-0.006769229657948017,0.04592307657003403,0.0923076942563057,0.13349999487400055,0.16792310774326324,0.19507694244384766,0.21288463473320007,0.21088463068008423,0.19269230961799622,0.1746923178434372,0.16446155309677124,0.15184615552425385,0.13584615290164948,0.11592307686805725,0.09734617173671722,0.07830770313739777,0.03573077172040939,-0.014461537823081017,-0.06523077189922333,-0.11734616756439209
0.0,0.0,-0.009038462303578854,0.01846153847873211,-0.04419231414794922,-0.06107693538069725,-0.09969231486320496,-0.13784615695476532,-0.18053844571113586,-0.2528845965862274,-0.29292309284210205,-0.29061540961265564,-0.2618076503276825,-0.20134617388248444,-0.25203844904899597,-0.3246154487133026,-0.3544231057167053,-0.34165385365486145,-0.3211153745651245,-0.2976154088973999,-0.2540384829044342,-0.19826920330524445,-0.1421923190355301,-0.09123076498508453,-0.04365385323762894,0.001769229187630117,0.03838461637496948,0.06534616649150848,0.08530770242214203,0.09792307764291763,0.10503845661878586,0.10573077946901321,0.10280769318342209,0.08661539107561111,0.07234615832567215,0.06580770760774612,0.06696154922246933,0.06261538714170456,0.04500000178813934,0.02530769258737564,-0.010423078201711178,-0.06453846395015717,-0.11600000411272049
0.0,0.0,0.0,0.0015384603757411242,-0.023038465529680252,-0.04611538350582123,-0.0640384703874588,-0.10453847050666809,-0.15488463640213013,-0.24257692694664001,-0.31430771946907043,-0.3314615488052368,-0.32142308354377747,-0.27953848242759705,-0.2220769226551056,-0.24280771613121033,-0.25215384364128113,-0.28430768847465515,-0.2859615087509155,-0.2658076584339142,-0.25426924228668213,-0.23076924681663513,-0.1941923052072525,-0.15873077511787415,-0.13788463175296783,-0.0993845984339714,-0.06603845953941345,-0.04096154496073723,-0.022269221022725105,-0.007115386892110109,0.0042692311108112335,0.013192309066653252,0.01584615558385849,0.019653847441077232,0.029500000178813934,0.04011538252234459,0.04569230601191521,0.04265384376049042,0.030500002205371857,0.007615385111421347,-0.022730767726898193,-0.06553846597671509,-0.11346153914928436
0.0,0.0,0.0,0.04999999701976776,0.022884616628289223,-0.010000001639127731,-0.020730771124362946,-0.04761539027094841,-0.09430769085884094,-0.1599999964237213,-0.27946150302886963,-0.3285768926143646,-0.33515387773513794,-0.32692310214042664,-0.290923148393631,-0.21899999678134918,-0.18888460099697113,-0.1768462061882019,-0.1712692528963089,-0.17734619975090027,-0.18049997091293335,-0.19273081421852112,-0.2041538506746292,-0.18776920437812805,-0.20442308485507965,-0.1884230673313141,-0.14892306923866272,-0.12092305719852448,-0.10507691651582718,-0.09430770576000214,-0.08450000733137131,-0.06873076409101486,-0.04407692328095436,-0.014423076063394547,0.007615385577082634,0.020153848454356194,0.023038459941744804,0.009230769239366055,-0.007000000216066837,-0.02861538529396057,-0.05700000002980232,-0.09353847056627274,-0.1166153997182846
0.0,0.0,0.017923077568411827,0.07061538100242615,0.04880768805742264,0.02134615369141102,0.02480769157409668,0.016461540013551712,-0.030230769887566566,-0.03165384754538536,-0.13038460910320282,-0.23096156120300293,-0.3003076910972595,-0.30515384674072266,-0.29138460755348206,-0.2637692093849182,-0.21223074197769165,-0.1529231071472168,-0.11096154153347015,-0.08546154946088791,-0.08819229155778885,-0.1304999738931656,-0.18392309546470642,-0.19423076510429382,-0.21269233524799347,-0.22334617376327515,-0.2024230808019638,-0.15934617817401886,-0.13499999046325684,-0.12542308866977692,-0.10988461971282959,-0.0883076936006546,-0.06157692149281502,-0.03757692500948906,-0.017461540177464485,-0.017076920717954636,-0.03369230777025223,-0.04553845897316933,-0.06734616309404373,-0.09453846514225006,-0.10942307859659195,-0.10188460350036621,-0.1035769134759903
