hycom_GLBy0p08_surface_current.json
{"header": {"parameterUnit": "m.s-1", "parameterNumber": 3, "dx": 0.4, "dy": 0.2, "parameterNumberName": "Northward current", "la1": 40.0, "la2": 8.0, "parameterCategory": 2, "lo2": 320.0, "nx": 161, "ny": 161, "refTime": "2020-06-29 13:30:00", "lo1": 256.0}, "data":
[rows 60 to 79 of 161, columns 44 to 87 of 161]
0.06859999150037766,0.057200003415346146,-0.07199999690055847,-0.17470000684261322,-0.0333000011742115,0.06980000436306,0.07350000739097595,0.06000000238418579,0.0055000013671815395,0.0,0.0,0.0,0.0,0.0,0.0,0.19259999692440033,1.145799994468689,1.5750000476837158,0.24500000476837158,0.1511000096797943,0.17270001769065857,0.07590000331401825,0.07380000501871109,0.0796000063419342,0.025600001215934753,-0.06540000438690186,-0.19950000941753387,-0.2883000075817108,-0.320000022649765,-0.27889999747276306,-0.16550001502037048,-0.059800006449222565,-0.040800001472234726,-0.10860000550746918,-0.011900004930794239,0.16130001842975616,0.015799999237060547,0.018199998885393143,-0.12410000711679459,-0.19849999248981476,-0.2070000171661377,-0.12809999287128448,-0.022600000724196434,-0.08069999516010284
0.17420001327991486,0.07189999520778656,-0.11170001327991486,-0.1867000162601471,-0.026600003242492676,0.08060000091791153,0.09700000286102295,0.05190000683069229,0.018199998885393143,0.0,0.0,0.0,0.0,0.0,0.0,0.04529999941587448,1.25190007686615,1.6093002557754517,0.2919999957084656,0.04420000687241554,0.15529999136924744,0.07850000262260437,0.07500000298023224,0.13130000233650208,0.12120001018047333,0.03590000048279762,-0.15220001339912415,-0.2538999915122986,-0.32109999656677246,-0.3546999990940094,-0.31779998540878296,-0.07099999487400055,0.004800000693649054,-0.048700001090765,0.06939999759197235,0.13750000298023224,-0.012399999424815178,-0.045799996703863144,-0.16870000958442688,-0.18770000338554382,-0.20869998633861542,-0.13490000367164612,0.05480000376701355,0.013500002212822437
0.23429997265338898,0.11580000817775726,-0.1072000041604042,-0.16209998726844788,-0.009800000116229057,0.09510000050067902,0.11020000278949738,0.041700005531311035,0.024700002744793892,0.01759999990463257,0.0,0.0,0.0,0.0,0.0,0.0,1.3236000537872314,1.5800001621246338,0.3144000172615051,-0.044200003147125244,0.04310000315308571,0.08190000802278519,0.056599996984004974,0.22310002148151398,0.2029000073671341,0.13680000603199005,-0.07510000467300415,-0.23660001158714294,-0.2954000234603882,-0.35019999742507935,-0.43970003724098206,-0.06650000065565109,0.07599999755620956,0.012800000607967377,0.08009999990463257,0.15370000898838043,-0.044300004839897156,-0.061000000685453415,-0.232200026512146,-0.19699999690055847,-0.1459999978542328,-0.1039000004529953,0.005000000819563866,0.05560000613331795
0.2745000123977661,0.15780000388622284,-0.06880000233650208,-0.1632000207901001,0.004900000989437103,0.13300000131130219,0.10290000587701797,0.053199999034404755,0.03680000454187393,0.02850000001490116,0.0,0.0,0.0,0.0,0.0,0.0,1.3169000148773193,1.5983002185821533,0.3410000205039978,-0.03140000253915787,-0.02980000153183937,-0.007099998649209738,0.020200002938508987,0.38870003819465637,0.28210002183914185,0.20350000262260437,0.03220000118017197,-0.2005000114440918,-0.23340001702308655,-0.3075999915599823,-0.5401999950408936,-0.09140000492334366,0.12520000338554382,0.019300002604722977,0.11400000751018524,0.18170000612735748,-0.08640000969171524,-0.18390002846717834,-0.28950002789497375,-0.18870000541210175,-0.06240000203251839,-0.08100000768899918,-0.09370000660419464,0.04149999842047691
0.28720003366470337,0.17680001258850098,-0.03150000050663948,-0.15929999947547913,0.04349999874830246,0.18210001289844513,0.07090000808238983,0.06950000673532486,0.04800000041723251,0.0364999994635582,0.0,0.0,0.0,0.0,0.0,0.0,1.1249001026153564,1.634600043296814,0.38910001516342163,0.026500001549720764,0.03519999980926514,0.0034999996423721313,-0.06460000574588776,0.3831999897956848,0.37480002641677856,0.3165000081062317,0.033900003880262375,-0.09880000352859497,-0.20969998836517334,-0.27320003509521484,-0.49790000915527344,-0.13769999146461487,0.09950000047683716,0.019100001081824303,0.15160000324249268,0.15610000491142273,-0.05900000408291817,-0.2775000333786011,-0.33240002393722534,-0.1617000252008438,-0.03160000219941139,-0.08510000258684158,-0.0999000072479248,0.032099999487400055
0.30720001459121704,0.19430002570152283,-0.04190000146627426,-0.10480000823736191,0.047700006514787674,0.2069000005722046,0.056000005453825,0.0617000050842762,0.029500002041459084,0.055400002747774124,0.0,0.0,0.0,0.0,0.0,0.0,0.9505000114440918,1.6308002471923828,0.3604000210762024,0.052400000393390656,0.03460000082850456,0.11299999803304672,0.07970000058412552,0.1250000149011612,0.4759000241756439,0.426300048828125,0.048900000751018524,-0.05940000340342522,-0.13350000977516174,-0.2493000328540802,-0.4182000160217285,-0.19990000128746033,0.09470000118017197,0.07000000774860382,0.18719999492168427,0.2038000077009201,-0.035599999129772186,-0.36900004744529724,-0.387800008058548,-0.14090001583099365,-0.04240000247955322,-0.12280000746250153,-0.06240000203251839,0.03519999980926514
0.35860002040863037,0.18610000610351562,-0.048900000751018524,-0.0828000083565712,0.006299998611211777,0.21390001475811005,0.055800002068281174,0.04050000011920929,0.022300004959106445,0.06449999660253525,0.05370000749826431,0.0,0.0,0.0,0.0,0.0,0.9628999829292297,1.5810000896453857,0.3215000033378601,0.041200004518032074,0.04429999738931656,0.05220000073313713,0.04960000142455101,0.2224000245332718,0.4782000184059143,0.4618000090122223,0.08950000256299973,-0.036900006234645844,-0.05630000680685043,-0.22770002484321594,-0.39590001106262207,-0.21389999985694885,0.05010000616312027,0.10430000722408295,0.16180001199245453,0.2735000252723694,-0.009400000795722008,-0.4546999931335449,-0.43650001287460327,-0.18710000813007355,-0.09310000389814377,-0.10199999809265137,-0.0682000070810318,0.035700004547834396
0.3927000164985657,0.16940000653266907,-0.08430000394582748,-0.08410000056028366,-0.019299998879432678,0.19259999692440033,0.05750001221895218,0.013900001533329487,0.030699998140335083,0.06870000064373016,0.07370001077651978,0.0,0.0,0.0,0.0,0.0,0.7554000616073608,1.5149000883102417,0.3184000253677368,-0.048900000751018524,-0.016899999231100082,0.02410000190138817,0.08070001006126404,0.0,0.41860002279281616,0.4869000315666199,0.16089998185634613,-0.044600002467632294,-0.03479999676346779,-0.23499998450279236,-0.3760000169277191,-0.10530000925064087,0.029100000858306885,0.12520000338554382,0.20210000872612,0.22139999270439148,0.03140000253915787,-0.4358000159263611,-0.4426000118255615,-0.20990002155303955,-0.147800013422966,-0.08969999849796295,-0.012399999424815178,0.04010000079870224
0.36650004982948303,0.12770000100135803,-0.08890000730752945,-0.05620000511407852,0.00540000107139349,0.14980000257492065,0.06570000946521759,-0.009200000204145908,0.029500002041459084,0.07420000433921814,0.09319999814033508,0.007200000341981649,0.0,0.0,0.0,0.0,0.7081000208854675,1.4962999820709229,0.27150002121925354,-0.04540000110864639,0.09680000692605972,0.13870000839233398,-0.004800000227987766,0.08220000565052032,0.2736999988555908,0.43480005860328674,0.21480000019073486,0.007600000593811274,-0.05480000376701355,-0.20940001308918,-0.2532000243663788,-0.1363999992609024,0.05320000648498535,0.0982000082731247,0.18440000712871552,0.20320001244544983,0.03759999945759773,-0.31390002369880676,-0.3517000079154968,-0.2183000147342682,-0.14660002291202545,-0.030799999833106995,0.1055000051856041,0.05490000918507576
0.2671000063419342,0.06910000741481781,-0.04490000009536743,0.023200001567602158,0.07270000874996185,0.10420000553131104,0.07369999587535858,-0.02980000153183937,0.021500002592802048,0.06700000166893005,0.09780000150203705,0.06970000267028809,0.0,0.0,0.0,0.0,0.7552000284194946,1.4493000507354736,0.2345000058412552,-0.10470000654459,0.2605000138282776,0.12710002064704895,0.05090000480413437,0.0,0.04360000416636467,0.3249000012874603,0.23040001094341278,0.02120000123977661,-0.07799999415874481,-0.20750001072883606,-0.2702000141143799,-0.1242000088095665,0.06939999759197235,0.09080000221729279,0.11970001459121704,0.12270001322031021,0.04320000484585762,-0.13079999387264252,-0.21089999377727509,-0.17920000851154327,0.004699998535215855,0.1339000016450882,0.16290000081062317,0.04780000075697899
0.12000000476837158,0.0010000007459893823,-0.011500000953674316,0.12070000171661377,0.13699999451637268,0.13960000872612,0.09110000729560852,-0.03760000318288803,0.001799999037757516,0.05190000683069229,0.08290000259876251,0.11010000854730606,0.0,0.0,0.0,0.0,0.9653000831604004,1.3771001100540161,0.24740001559257507,-0.019800003618001938,0.1397000104188919,0.06129999831318855,0.16620001196861267,0.0,-0.06330001354217529,0.2527000308036804,0.17440000176429749,0.04020000249147415,-0.1014999970793724,-0.20830002427101135,-0.27650001645088196,-0.06419999897480011,0.12110000848770142,0.11960001289844513,0.05800000578165054,0.026599999517202377,0.04310000315308571,-0.015200003981590271,-0.08569999784231186,-0.011600000783801079,0.14390000700950623,0.17830000817775726,0.15490001440048218,0.041999999433755875
-0.020600002259016037,-0.03450000286102295,0.04310000315308571,0.21460001170635223,0.18320001661777496,0.17550000548362732,0.1096000075340271,-0.03350000083446503,-0.030000001192092896,0.04939999803900719,0.07650000602006912,0.12160000950098038,0.01549999974668026,0.0,0.0,0.0,1.1338000297546387,1.270900011062622,0.12189999967813492,0.03449999913573265,0.11750000715255737,0.05470000579953194,0.15140001475811005,0.012099999003112316,-0.12850001454353333,0.2467000037431717,0.05650000646710396,-0.0024999987799674273,-0.06929999589920044,-0.13620001077651978,-0.20059999823570251,0.0012000009883195162,0.21940000355243683,0.1568000167608261,0.04880000650882721,-0.060700006783008575,0.05939999967813492,0.05150000378489494,0.04310000687837601,0.10019999742507935,0.15730001032352448,0.1965000182390213,0.1364000141620636,0.05790000036358833
-0.0837000161409378,0.012100000865757465,0.1072000041604042,0.21810002624988556,0.2249000072479248,0.1850999891757965,0.1339000165462494,-0.014299998991191387,-0.05300000309944153,0.04450000077486038,0.06920000165700912,0.09759999811649323,0.0714000016450882,0.0,0.0,0.0,1.3660999536514282,1.1281001567840576,0.23560002446174622,0.051500000059604645,0.11959999799728394,-0.09709999710321426,0.1665000021457672,-0.0027999996673315763,-0.08339999616146088,-0.028200004249811172,0.06650000065565109,-0.011100003495812416,-0.03309999406337738,-0.12290000915527344,-0.23649998009204865,0.03949999809265137,0.23599998652935028,0.2637999951839447,0.015200001187622547,-0.08269999921321869,0.017400000244379044,0.05630000680685043,0.06080000475049019,0.13350000977516174,0.17909999191761017,0.2347000390291214,0.13920001685619354,0.04960000514984131
-0.0990000069141388,0.07460000365972519,0.13700000941753387,0.17760001122951508,0.2305000126361847,0.22850000858306885,0.11870000511407852,0.014400000683963299,-0.0738999992609024,0.03320000320672989,0.06599999964237213,0.08020000904798508,0.08209999650716782,0.039900004863739014,0.0,0.0,1.5389000177383423,0.9624999761581421,0.45030003786087036,0.06280000507831573,0.09000001102685928,0.07070000469684601,0.19550001621246338,0.021900001913309097,0.0,-0.15449999272823334,0.07850001007318497,-0.0364999957382679,-0.05649999901652336,-0.16700001060962677,-0.1859000027179718,0.07559999078512192,0.25450000166893005,0.3540000021457672,0.11440000683069229,-0.11840000003576279,-0.10559999942779541,0.07720000296831131,-0.006200001575052738,0.12130000442266464,0.19360001385211945,0.3118000030517578,0.125900000333786,0.027100002393126488
-0.10030001401901245,0.08760000765323639,0.18380001187324524,0.11920000612735748,0.21070000529289246,0.2355000078678131,0.10970000922679901,-0.00040000007720664144,-0.0982000008225441,0.0364999994635582,0.061799995601177216,0.07909999787807465,0.08260000497102737,0.09400000423192978,0.0,0.0,1.448199987411499,0.7405000329017639,0.4222000241279602,0.07279999554157257,0.08010001480579376,0.02810000255703926,0.2248000204563141,0.16210000216960907,0.0625000074505806,-0.12929999828338623,-0.16949999332427979,-0.09339999407529831,-0.09290000051259995,-0.18540000915527344,-0.09320000559091568,0.10430000722408295,0.3168000280857086,0.38440003991127014,0.25920000672340393,-0.1762000024318695,-0.2127000093460083,0.013300001621246338,-0.08760000765323639,0.07900001108646393,0.2648000121116638,0.3483000099658966,0.15279999375343323,-0.0005000008386559784
-0.07950000464916229,0.1056000143289566,0.21400001645088196,0.09850000590085983,0.2022000104188919,0.24840004742145538,0.05620000511407852,-0.051100004464387894,-0.120200015604496,0.04179999977350235,0.06120000407099724,0.08879999816417694,0.0729999989271164,0.0811999961733818,0.026100000366568565,0.342600017786026,1.1899000406265259,0.5182000398635864,0.41600003838539124,0.06080000475049019,0.06300000846385956,0.0,0.2101999968290329,0.1876000016927719,0.016300000250339508,-0.00020000003860332072,-0.03999999910593033,-0.13190001249313354,-0.1493000090122223,-0.14350000023841858,0.01900000125169754,0.13660000264644623,0.33230000734329224,0.36800000071525574,0.30980005860328674,-0.027100002393126488,-0.29420000314712524,-0.06750000268220901,-0.11109999567270279,0.05460000038146973,0.36739999055862427,0.35030001401901245,0.13830000162124634,-0.054099999368190765
-0.04349999874830246,0.1525000035762787,0.256600022315979,0.15470001101493835,0.23599998652935028,0.24140000343322754,0.004600000102072954,-0.16349999606609344,-0.14650000631809235,0.08790000528097153,0.08640000224113464,0.08660001307725906,0.03999999910593033,0.08110000193119049,0.05730000138282776,0.7833999991416931,0.9654000401496887,0.36070001125335693,0.4184000492095947,0.07900000363588333,0.049800001084804535,0.0,0.26670002937316895,0.06359999626874924,0.06890000402927399,-0.13359999656677246,0.10910000652074814,-0.23720002174377441,-0.20830002427101135,-0.10559999942779541,0.03420000523328781,0.1728000044822693,0.3208000063896179,0.32829999923706055,0.30080002546310425,0.0722000002861023,-0.22150000929832458,-0.22210001945495605,-0.17440000176429749,0.005200000014156103,0.4578000605106354,0.3336000144481659,0.05169999599456787,-0.1544000208377838
-0.012200000695884228,0.1607000082731247,0.31470003724098206,0.29809996485710144,0.3508000075817108,0.24890002608299255,-0.029100000858306885,-0.289900004863739,-0.23410001397132874,0.09950000047683716,0.1064000129699707,0.12229999154806137,0.007800002582371235,0.02810000441968441,0.3503999710083008,0.9232999682426453,0.6575000286102295,0.24830003082752228,0.4115000367164612,0.07540000230073929,0.0,0.0,0.21059998869895935,0.05340000241994858,-0.041200004518032074,0.035100001841783524,0.1462000161409378,0.0005000013625249267,-0.3029000163078308,-0.11190000921487808,0.0714000016450882,0.1973000019788742,0.2533000111579895,0.3401000201702118,0.27920001745224,0.06340000033378601,-0.13490000367164612,-0.30160003900527954,-0.29980000853538513,-0.015000000596046448,0.47369998693466187,0.2987000346183777,-0.036000002175569534,-0.23970000445842743
-0.0020000021904706955,0.1576000154018402,0.32899999618530273,0.4302000403404236,0.450700044631958,0.26019999384880066,-0.013400000520050526,-0.31290000677108765,-0.4090000092983246,0.01850000023841858,0.13790002465248108,0.11870000511407852,-0.06180000305175781,0.1064000129699707,0.7379000782966614,0.9395001530647278,0.3614000678062439,0.18050000071525574,0.4362000524997711,0.059700001031160355,0.030900001525878906,0.0,0.10260000079870224,0.005800000391900539,-0.03960000351071358,0.3471999764442444,-0.10970000177621841,-0.0022999998182058334,-0.04740000516176224,-0.07920000702142715,0.0861000046133995,0.15519998967647552,0.17470002174377441,0.33799999952316284,0.25189998745918274,0.00930000003427267,-0.12120001018047333,-0.2947000563144684,-0.37070003151893616,0.06460000574588776,0.4273000657558441,0.2337000072002411,-0.0998000055551529,-0.30310001969337463
0.021800003945827484,0.18290001153945923,0.38520002365112305,0.5543999671936035,0.4757999777793884,0.25200000405311584,0.0390000082552433,-0.22020001709461212,-0.3913000226020813,-0.27720001339912415,-0.0771000012755394,-0.010499998927116394,-0.11000001430511475,0.2844000458717346,1.0281000137329102,0.8382000923156738,0.0885000079870224,0.16590000689029694,0.3840000033378601,0.043800003826618195,0.0203000009059906,0.1454000174999237,0.0,0.0272000040858984,0.042100004851818085,0.4482000470161438,-0.10250000655651093,-0.10970000922679901,0.029899999499320984,0.059300005435943604,0.09130001068115234,0.10920000076293945,0.25140005350112915,0.31960004568099976,0.23680002987384796,-0.027799999341368675,-0.1623000204563141,-0.2971000075340271,-0.3238000273704529,0.08250000327825546,0.35040003061294556,0.17090001702308655,-0.11950001865625381,-0.27399998903274536
