hycom_GLBy0p08_surface_current.json
{"header": {"parameterUnit": "m.s-1", "parameterNumber": 3, "dx": 0.4, "dy": 0.2, "parameterNumberName": "Northward current", "la1": 40.0, "la2": 8.0, "parameterCategory": 2, "lo2": 320.0, "nx": 161, "ny": 161, "refTime": "2020-06-29 13:30:00", "lo1": 256.0}, "data":
[rows 140 to 159 of 161, columns 0 to 43 of 161]
-0.2323000133037567,-0.19870001077651978,-0.07239999622106552,-0.0357000008225441,-0.042500000447034836,-0.1469999998807907,-0.19110000133514404,-0.1169000118970871,-0.1169000044465065,-0.18119999766349792,-0.007100000977516174,-0.1072000041604042,-0.3265000283718109,-0.28280001878738403,-0.2135000228881836,-0.25390002131462097,0.03790000081062317,-0.025300001725554466,-0.15070001780986786,-0.2110000103712082,-0.13770000636577606,-0.06620000302791595,-0.03590000420808792,0.20180001854896545,0.34710001945495605,0.3431999683380127,0.36660003662109375,0.16180001199245453,-0.013899998739361763,-0.0828000009059906,0.012799998745322227,-0.0012999937171116471,0.08650000393390656,0.1257999986410141,0.2012999951839447,0.49149999022483826,0.7465000748634338,0.624000072479248,0.2427000105381012,-0.02810000255703926,-0.015600001439452171,-0.07290000468492508,-0.12570001184940338,-0.05100000649690628
-0.19110001623630524,-0.1297999918460846,-0.06199999898672104,-0.016499999910593033,-0.01850000210106373,-0.06630000472068787,-0.11860001087188721,-0.12790000438690186,-0.14280001819133759,-0.18040001392364502,-0.07440000027418137,-0.11780001223087311,-0.3217000365257263,-0.3152000308036804,-0.23510000109672546,-0.29370003938674927,-0.029099995270371437,-0.06399999558925629,-0.16850000619888306,-0.1776999980211258,-0.11720001697540283,-0.07640000432729721,-0.02280000038444996,0.19230002164840698,0.4032999873161316,0.3865000307559967,0.47630006074905396,0.2778000235557556,0.047999996691942215,-0.08249999582767487,-0.002199999988079071,-0.02709999680519104,0.033400002866983414,0.09520000219345093,0.21220000088214874,0.5006999969482422,0.736299991607666,0.6531000137329102,0.26190003752708435,0.014300000853836536,-0.0772000104188919,-0.08780000358819962,0.012200003489851952,0.04190000146627426
-0.17840000987052917,-0.09040000289678574,0.00039999932050704956,0.028600001707673073,0.02160000056028366,-0.03150000050663948,-0.10100001096725464,-0.13510000705718994,-0.16770000755786896,-0.19020000100135803,-0.13690000772476196,-0.1477999985218048,-0.3360000252723694,-0.33640000224113464,-0.24890001118183136,-0.3181000053882599,-0.09630000591278076,-0.1014999970793724,-0.16530002653598785,-0.15029999613761902,-0.09459999948740005,-0.09080000221729279,0.0008999999845400453,0.2112000286579132,0.4212000370025635,0.43880000710487366,0.5489000082015991,0.3573000431060791,0.10689999908208847,-0.06769999861717224,-0.010300001129508018,-0.05270000174641609,0.01900000311434269,0.08260001242160797,0.23319999873638153,0.49549999833106995,0.6794999837875366,0.6462000608444214,0.29010000824928284,0.028700005263090134,-0.11410000175237656,-0.06910000741481781,0.11470000445842743,0.1541999876499176
-0.11170001327991486,-0.004600001964718103,0.0552000030875206,0.08300001174211502,0.08659999817609787,0.0804000049829483,-0.03590000420808792,-0.15240001678466797,-0.20550000667572021,-0.2321000099182129,-0.19920000433921814,-0.18549999594688416,-0.35499998927116394,-0.3328000009059906,-0.2581999897956848,-0.3375000059604645,-0.17310000956058502,-0.12449999153614044,-0.15880002081394196,-0.14580000936985016,-0.06650000065565109,-0.0616999976336956,0.029300004243850708,0.21900001168251038,0.3906000256538391,0.47290000319480896,0.5831000208854675,0.4002000391483307,0.1446000039577484,-0.04700000211596489,-0.017400002107024193,-0.06019999459385872,0.012100006453692913,0.08310000598430634,0.26179999113082886,0.46480005979537964,0.5965999960899353,0.5960999727249146,0.2770000100135803,0.016200000420212746,-0.09200000762939453,0.026499997824430466,0.1988000124692917,0.14020001888275146
-0.07079999893903732,0.05909999459981918,0.12010002136230469,0.16580000519752502,0.21859999001026154,0.17750002443790436,0.04510000720620155,-0.11600001156330109,-0.25530001521110535,-0.2997000217437744,-0.26969999074935913,-0.23589999973773956,-0.3619000315666199,-0.2616000175476074,-0.2526000142097473,-0.3508000075817108,-0.25370001792907715,-0.13580000400543213,-0.14630000293254852,-0.12080000340938568,-0.06370000541210175,-0.023500004783272743,0.03140000253915787,0.18420001864433289,0.3441999852657318,0.45420002937316895,0.5656000375747681,0.4270000457763672,0.18720000982284546,0.005800000391900539,-0.04070000350475311,-0.044200003147125244,0.005300001706928015,0.11499999463558197,0.32820001244544983,0.4203000068664551,0.5135999917984009,0.5364000201225281,0.2591000199317932,0.031700003892183304,-0.073900006711483,0.1404999941587448,0.2062000036239624,0.11829999834299088
-0.04830000549554825,0.08070000261068344,0.12150000035762787,0.19600000977516174,0.31040000915527344,0.22440001368522644,0.09000000357627869,-0.06670000404119492,-0.2687000036239624,-0.3653000295162201,-0.32290002703666687,-0.319100022315979,-0.3450000286102295,-0.1600000113248825,-0.2443999946117401,-0.3736000657081604,-0.3190000057220459,-0.14899998903274536,-0.10559999942779541,-0.0802999958395958,-0.058699995279312134,-0.01749999448657036,0.031200001016259193,0.13590002059936523,0.2850000262260437,0.4106000065803528,0.5084999799728394,0.43810001015663147,0.22990000247955322,0.03699999675154686,-0.04430000111460686,-0.014900006353855133,0.026600003242492676,0.20329999923706055,0.28940004110336304,0.33750003576278687,0.43720006942749023,0.46209996938705444,0.248400017619133,0.021700000390410423,-0.03799999877810478,0.1266000121831894,0.2019999921321869,0.14169999957084656
-0.04320000112056732,0.0835999995470047,0.12090001255273819,0.2370000183582306,0.3278000056743622,0.24620001018047333,0.10740000009536743,-0.056300003081560135,-0.2730000615119934,-0.4086000323295593,-0.3393000066280365,-0.40070000290870667,-0.23910000920295715,-0.1316000074148178,-0.2183000147342682,-0.392300009727478,-0.36480003595352173,-0.17879998683929443,-0.09520000219345093,-0.05180000141263008,-0.03680000454187393,0.003899997565895319,0.032999999821186066,0.08310000598430634,0.21940000355243683,0.3544999957084656,0.4076000154018402,0.40459999442100525,0.23959998786449432,0.07770001143217087,-0.0054000006057322025,0.016199998557567596,0.11050001531839371,0.21649999916553497,0.2547999918460846,0.25450000166893005,0.367000013589859,0.3396000266075134,0.2299000322818756,0.04410000517964363,0.01839999109506607,0.10630001127719879,0.14660002291202545,0.13690002262592316
-0.018699999898672104,0.09879999607801437,0.12950000166893005,0.2567000091075897,0.35100001096725464,0.25779998302459717,0.12220001220703125,-0.05530000478029251,-0.260699987411499,-0.4203000068664551,-0.3612000048160553,-0.44249996542930603,-0.1617000252008438,-0.11290000379085541,-0.1980000138282776,-0.3985000252723694,-0.3995000422000885,-0.19030001759529114,-0.07030001282691956,-0.011599993333220482,-0.01090000569820404,0.03020000457763672,0.0333000048995018,0.04370000213384628,0.15980000793933868,0.28540000319480896,0.30010002851486206,0.35590001940727234,0.23970000445842743,0.11089999973773956,0.04110000282526016,0.05340000241994858,0.16370001435279846,0.23819999396800995,0.2573000490665436,0.19830000400543213,0.2712000012397766,0.2102999985218048,0.1624000072479248,0.04960000514984131,0.02250000461935997,0.07279999554157257,0.1152999997138977,0.13960000872612
0.03920000046491623,0.12710000574588776,0.15049999952316284,0.27950000762939453,0.3531000018119812,0.24460001289844513,0.11330000311136246,-0.07210000604391098,-0.2671000361442566,-0.4323999881744385,-0.41610002517700195,-0.41220003366470337,-0.18849998712539673,-0.06590000540018082,-0.1834000051021576,-0.3963000178337097,-0.4145999848842621,-0.19900000095367432,-0.03849999979138374,0.04050000384449959,0.05690000206232071,0.058100003749132156,0.04110000282526016,0.026499997824430466,0.1072000041604042,0.20390000939369202,0.21250000596046448,0.29269999265670776,0.23270002007484436,0.13950000703334808,0.09320001304149628,0.11080000549554825,0.22840002179145813,0.26340001821517944,0.2214999943971634,0.15960000455379486,0.16020001471042633,0.1143999919295311,0.08909999579191208,0.029299994930624962,0.03440000116825104,0.05080000311136246,0.0909000113606453,0.14790001511573792
0.0656999945640564,0.13350000977516174,0.16010001301765442,0.2802000045776367,0.3237000107765198,0.22760000824928284,0.08579999953508377,-0.06770000606775284,-0.29269999265670776,-0.43479999899864197,-0.4918000102043152,-0.34390002489089966,-0.16090001165866852,-0.05510000139474869,-0.1673000156879425,-0.3605000376701355,-0.40060001611709595,-0.20660002529621124,-0.0406000055372715,0.07070000469684601,0.10459999740123749,0.05820000171661377,0.04330000281333923,0.0430000014603138,0.08710000663995743,0.14560000598430634,0.15080000460147858,0.2547000050544739,0.21320000290870667,0.17520001530647278,0.14320001006126404,0.1624000072479248,0.25210002064704895,0.2501000165939331,0.17350001633167267,0.12120000272989273,0.08489999920129776,0.03500000387430191,0.041600003838539124,0.0023000002838671207,0.007700000889599323,0.03500000387430191,0.11970001459121704,0.2037000209093094
0.08260000497102737,0.1137000098824501,0.17090001702308655,0.2387000024318695,0.28610000014305115,0.1834000051021576,0.06040000915527344,-0.06920000165700912,-0.30150002241134644,-0.43560004234313965,-0.5379000306129456,-0.31609997153282166,-0.13350000977516174,-0.0471000038087368,-0.13169999420642853,-0.30470001697540283,-0.3591000437736511,-0.19759999215602875,-0.038100000470876694,0.09640000760555267,0.10540000349283218,0.03019999898970127,0.03860000520944595,0.07860000431537628,0.07779999822378159,0.11600001156330109,0.11300001293420792,0.20999999344348907,0.22279998660087585,0.21020002663135529,0.20069999992847443,0.21010002493858337,0.2524000108242035,0.22110001742839813,0.10899998992681503,0.07540000975131989,0.01599999889731407,-0.03199999779462814,-0.02030000649392605,0.02269999496638775,0.004599999636411667,0.032999999821186066,0.15439999103546143,0.22789999842643738
0.08370000123977661,0.10090000927448273,0.1544000208377838,0.21800000965595245,0.2450999915599823,0.13839998841285706,0.03840000182390213,-0.10100001096725464,-0.3240000009536743,-0.44600003957748413,-0.5312000513076782,-0.29979997873306274,-0.13570000231266022,-0.03999999910593033,-0.0877000018954277,-0.24869999289512634,-0.3198000192642212,-0.1925000101327896,-0.0325000062584877,0.09940000623464584,0.10759999603033066,0.036100003868341446,0.04750000312924385,0.08990000188350677,0.0901000052690506,0.08310000598430634,0.08860000222921371,0.16050000488758087,0.23999997973442078,0.2809000015258789,0.25370001792907715,0.2543000280857086,0.2501000165939331,0.19350001215934753,0.07569999992847443,0.04020000249147415,-0.020800000056624413,-0.06000000238418579,-0.06790000200271606,0.00460000429302454,0.02850000001490116,0.07330000400543213,0.19420000910758972,0.20770001411437988
0.06830000132322311,0.12200000137090683,0.14260001480579376,0.20830002427101135,0.21220001578330994,0.10660002380609512,0.007800000719726086,-0.12700000405311584,-0.33230000734329224,-0.4629000127315521,-0.4636000096797943,-0.2802000045776367,-0.13450001180171967,-0.04190000146627426,-0.056800007820129395,-0.1965000033378601,-0.27399998903274536,-0.18050000071525574,-0.01969999633729458,0.1006999984383583,0.14020000398159027,0.07410000264644623,0.04320000484585762,0.09530000388622284,0.094200000166893,0.058500003069639206,0.0690000057220459,0.13689999282360077,0.2541000247001648,0.3077999949455261,0.2865999937057495,0.26740002632141113,0.24810001254081726,0.1721000224351883,0.06599998474121094,0.017299994826316833,-0.03380000591278076,-0.057200003415346146,-0.07009999454021454,-0.018300000578165054,0.05660000443458557,0.14110001921653748,0.21209999918937683,0.20720000565052032
0.0787000060081482,0.13430000841617584,0.13159999251365662,0.18129999935626984,0.17720001935958862,0.06540001183748245,-0.04179999977350235,-0.1663999855518341,-0.3377000391483307,-0.4296000599861145,-0.3889000415802002,-0.257999986410141,-0.14140000939369202,-0.03790000081062317,-0.04879999905824661,-0.14090000092983246,-0.21300001442432404,-0.15390001237392426,-0.010100001469254494,0.11760000884532928,0.15080001950263977,0.07560000568628311,0.03830000013113022,0.07599999755620956,0.07780001312494278,0.038200002163648605,0.04100000113248825,0.11560001224279404,0.24809999763965607,0.29450005292892456,0.31150001287460327,0.27580001950263977,0.2574000358581543,0.15720000863075256,0.05639998987317085,-0.008199989795684814,-0.06859999895095825,-0.05250000208616257,-0.06960000097751617,-0.02720000222325325,0.0828000083565712,0.19710001349449158,0.22339999675750732,0.2290000170469284
0.07370000332593918,0.11010000854730606,0.12060000747442245,0.12640000879764557,0.12480001151561737,0.01400000136345625,-0.10080001503229141,-0.22720003128051758,-0.34209999442100525,-0.3977000117301941,-0.33799999952316284,-0.24279999732971191,-0.10770000517368317,-0.011400001123547554,-0.03999999910593033,-0.07959999889135361,-0.1639000028371811,-0.12820002436637878,-0.014699998311698437,0.14110001921653748,0.155100017786026,0.05150000378489494,0.035100001841783524,0.08190000057220459,0.07889999449253082,0.03750000149011612,0.017299998551607132,0.08229999989271164,0.20980000495910645,0.27889999747276306,0.3190000057220459,0.26969999074935913,0.241799995303154,0.16590002179145813,0.07120001316070557,-0.020500008016824722,-0.08699999749660492,-0.06930001080036163,-0.07340000569820404,-0.0195000022649765,0.09840001165866852,0.21700000762939453,0.2281000167131424,0.22429999709129333
0.0731000006198883,0.0909000039100647,0.10480000078678131,0.08169999718666077,0.05650000646710396,-0.04959999769926071,-0.14310000836849213,-0.267300009727478,-0.33650001883506775,-0.3391999900341034,-0.30900001525878906,-0.21279999613761902,-0.08150000125169754,-0.005099998787045479,-0.04249999672174454,-0.05460000038146973,-0.12850001454353333,-0.1095999926328659,-0.016100000590085983,0.15280000865459442,0.125,0.043699998408555984,0.05429999902844429,0.10999999940395355,0.08390000462532043,0.03519999980926514,0.028099998831748962,0.04190000146627426,0.18000002205371857,0.2784999907016754,0.3118000328540802,0.26899999380111694,0.21480000019073486,0.1771000176668167,0.04769999906420708,-0.032999999821186066,-0.09650000184774399,-0.09800000488758087,-0.06560000032186508,-0.014800000004470348,0.09350000321865082,0.20890000462532043,0.21050000190734863,0.20229999721050262
0.05780000239610672,0.06830000132322311,0.06700000166893005,0.04990000277757645,-0.002600000472739339,-0.10320000350475311,-0.17819999158382416,-0.28460004925727844,-0.3168000280857086,-0.2923000454902649,-0.2321000099182129,-0.16509999334812164,-0.06710000336170197,-0.007000001613050699,-0.04529999941587448,-0.05450000241398811,-0.11830000579357147,-0.11150000244379044,0.0047000013291835785,0.14420001208782196,0.10250000655651093,0.0536000020802021,0.08799999952316284,0.14990000426769257,0.10060000419616699,0.03739999979734421,0.0284000001847744,0.01980000175535679,0.1469999998807907,0.2646999955177307,0.30580002069473267,0.2831000089645386,0.21260002255439758,0.15820002555847168,0.04050000011920929,-0.04330001026391983,-0.10180000960826874,-0.10040000826120377,-0.033799998462200165,-0.014599999412894249,0.08640000224113464,0.18549999594688416,0.20650000870227814,0.1762000024318695
0.048900000751018524,0.04480000212788582,0.01249999925494194,0.013400000520050526,-0.04650000482797623,-0.1501999944448471,-0.20180001854896545,-0.2856000065803528,-0.2915000319480896,-0.22800001502037048,-0.17030000686645508,-0.09749999642372131,-0.02640000358223915,-9.999945905292407e-05,-0.05009999871253967,-0.07290000468492508,-0.09920000284910202,-0.10639999806880951,0.043299999088048935,0.14410001039505005,0.11920000612735748,0.08300000429153442,0.11969999969005585,0.17829999327659607,0.11479999870061874,0.04440000280737877,-0.00109999964479357,0.014299996197223663,0.11330001056194305,0.20720002055168152,0.28540000319480896,0.25920000672340393,0.22030003368854523,0.1459999978542328,0.0804000049829483,-0.04280000552535057,-0.09490000456571579,-0.06960000097751617,-0.03970000892877579,-0.021800002083182335,0.07410000264644623,0.18799999356269836,0.18050000071525574,0.15700002014636993
0.023600002750754356,0.008300000801682472,0.0060000005178153515,-0.013900001533329487,-0.08080000430345535,-0.1891000121831894,-0.22830002009868622,-0.26420003175735474,-0.2586999833583832,-0.18330000340938568,-0.1023000031709671,-0.02959999442100525,-0.014000004157423973,-0.004300002008676529,-0.04360000416636467,-0.0892999991774559,-0.08430000394582748,-0.07240000367164612,0.05920000001788139,0.15060001611709595,0.12880000472068787,0.1160999983549118,0.1543000191450119,0.170600026845932,0.11240001022815704,0.03320000320672989,-0.01900000125169754,0.006600001361221075,0.0820000022649765,0.17410001158714294,0.2750000059604645,0.2578999996185303,0.226500004529953,0.15610000491142273,0.09570001065731049,-0.006000000052154064,-0.050999999046325684,-0.02550000324845314,-0.02590000629425049,-0.021799998357892036,0.03920000046491623,0.179299995303154,0.14010001718997955,0.12640000879764557
-0.003199999453499913,-0.027300000190734863,0.006100000347942114,-0.029400000348687172,-0.12229999154806137,-0.21639999747276306,-0.25110000371932983,-0.24340002238750458,-0.2192000150680542,-0.16120000183582306,-0.06800000369548798,-0.017799995839595795,-0.009200001135468483,-0.011100001633167267,-0.04089999943971634,-0.09860001504421234,-0.06829999387264252,-0.04360000044107437,0.07780001312494278,0.14790000021457672,0.11340000480413437,0.1615000069141388,0.19290000200271606,0.19280000030994415,0.10639999806880951,0.012700001709163189,-0.0405999980866909,-0.029900003224611282,0.045899998396635056,0.15370000898838043,0.2581000030040741,0.263700008392334,0.21709999442100525,0.13460001349449158,0.10120000690221786,0.044600002467632294,0.01979999803006649,0.006299993488937616,-0.0015000045532360673,-0.0463000051677227,-0.005100000649690628,0.12869998812675476,0.1208999902009964,0.10410000383853912
