hycom_GLBy0p08_surface_current.json
{"header": {"parameterUnit": "m.s-1", "parameterNumber": 2, "dx": 0.4, "dy": 0.2, "parameterNumberName": "Eastward current", "la1": 40.0, "la2": 8.0, "parameterCategory": 2, "lo2": 320.0, "nx": 161, "ny": 161, "refTime": "2020-06-29 13:30:00", "lo1": 256.0}, "data":
[rows 114 to 132 of 161, columns 0 to 43 of 161]
0.1777999997138977,0.1023000031709671,0.0008999973651953042,-0.06460000574588776,-0.14350001513957977,-0.16140000522136688,0.013300001621246338,-0.06689999997615814,0.039000004529953,0.0,0.0,0.0,0.0,0.0,0.0,0.0,0.0,0.0,0.0,0.0,0.0,0.0,0.0,0.0,0.0,0.0,0.0,0.0,0.0,0.0,0.0,0.0,0.0,0.0,0.0,0.0,0.0,0.0,0.0,0.0,-0.11180000007152557,-0.15780000388622284,-0.16220000386238098,-0.4090999960899353
0.2914000153541565,0.22520001232624054,0.10130000114440918,-0.02330000326037407,-0.11789999902248383,-0.14880001544952393,0.002900000661611557,0.07750000059604645,-0.07430000603199005,0.062400005757808685,0.0,0.0,0.0,0.0,0.0,0.0,0.0,0.0,0.0,0.0,0.0,0.0,0.0,0.0,0.0,0.0,0.0,0.0,0.0,0.0,0.0,0.0,0.0,0.0,0.0,0.0,0.0,0.0,0.0,0.0,-0.18620000779628754,-0.1534000039100647,-0.07200001180171967,-0.33880001306533813
0.30090001225471497,0.26270002126693726,0.16210001707077026,-0.006200000643730164,-0.10140000283718109,-0.14570000767707825,-0.037299998104572296,0.12080000340938568,0.045500002801418304,-0.09929999709129333,0.11270000785589218,0.0,0.0,0.0,0.0,0.0,0.0,0.0,0.0,0.0,0.0,0.0,0.0,0.0,0.0,0.0,0.0,0.0,0.0,0.0,0.0,0.0,0.0,0.0,0.0,0.0,0.0,0.0,0.0,0.0,-0.1476999968290329,-0.19660000503063202,-0.3546000123023987,-0.30820003151893616
0.27320003509521484,0.23680002987384796,0.1623000055551529,0.026900004595518112,-0.06750001013278961,-0.13220000267028809,-0.05739999935030937,0.07980000227689743,0.14619998633861542,0.0040000006556510925,-0.05490000918507576,0.11140000820159912,0.11270000785589218,0.0,0.0,0.0,0.0,0.0,0.0,0.0,0.0,0.0,0.0,0.0,0.0,0.0,0.0,0.0,0.0,0.0,0.0,0.0,0.0,0.0,0.0,0.0,0.0,0.0,0.0,0.0,-0.14429999887943268,-0.23570001125335693,-0.4223000407218933,-0.31360000371932983
0.1348000019788742,0.130700021982193,0.14660000801086426,0.08210001140832901,-0.012900000438094139,-0.11670000851154327,-0.08500000089406967,0.030900001525878906,0.05970000475645065,-0.06630000472068787,-0.2201000154018402,-0.09120000898838043,0.10740001499652863,0.250900000333786,0.0,0.0,0.0,0.0,0.0,0.0,0.0,0.0,0.0,0.0,0.0,0.0,0.0,0.0,0.0,0.0,0.0,0.0,0.0,0.0,0.0,0.0,0.0,0.0,0.0,-0.06700000166893005,-0.18069998919963837,-0.1613999903202057,-0.4279000163078308,-0.19760000705718994
-0.056300003081560135,0.02839999459683895,0.11120001971721649,0.1226000040769577,0.0430000014603138,-0.0640999972820282,-0.13350000977516174,-0.12020000070333481,-0.12240000814199448,-0.18780001997947693,-0.25029999017715454,-0.09920001775026321,0.14590001106262207,0.2686000168323517,0.2134000062942505,0.0,0.0,0.0,0.0,0.0,0.0,0.0,0.0,-0.07110001146793365,0.0,0.0,0.0,0.0,0.0,0.0,0.0,0.0,0.0,0.0,0.0,0.0,0.0,0.0,0.0,-0.18120001256465912,-0.2019999921321869,-0.30059999227523804,-0.20840001106262207,-0.5400000214576721
-0.12540000677108765,0.018199998885393143,0.10570000112056732,0.15889999270439148,0.08069999516010284,-0.025699999183416367,-0.1827000081539154,-0.2881999909877777,-0.3131999969482422,-0.3168000280857086,-0.2785000205039978,-0.12480000406503677,0.14910000562667847,0.33330002427101135,0.31029999256134033,0.16820001602172852,0.0,0.0,0.0,0.0,0.0,0.0,0.015700001269578934,0.14550000429153442,0.15800002217292786,0.06130000203847885,0.0,0.0,0.0,0.0,0.0,0.0,0.0,0.0,0.0,0.0,0.0,0.0,-0.03370000049471855,-0.021800000220537186,-0.035300008952617645,-0.25920000672340393,-0.3134000301361084,-0.38050001859664917
-0.13840000331401825,-0.029799997806549072,0.1462000161409378,0.1820000261068344,0.13500002026557922,0.018399998545646667,-0.19830000400543213,-0.38130003213882446,-0.42170000076293945,-0.3038000464439392,-0.22520001232624054,-0.08220000565052032,0.14680001139640808,0.2631000280380249,0.3302000164985657,0.11510001122951508,0.027300000190734863,0.08999999612569809,0.0,0.0,-0.006499999202787876,-0.1696000099182129,-0.1420000046491623,0.02460000291466713,0.14569999277591705,0.3436000347137451,0.0,0.0,0.0,0.0,0.0,0.0,0.0,0.0,0.0,0.0,0.0,0.0,0.0,0.0,0.0,0.0,0.0,-0.08110000193119049
-0.024500006809830666,0.027900001034140587,0.11009999364614487,0.19110000133514404,0.1777999997138977,0.05309999734163284,-0.16010001301765442,-0.3068000078201294,-0.3216000199317932,-0.20440001785755157,-0.09000001102685928,-0.008999998681247234,0.13040000200271606,0.21900001168251038,0.26200002431869507,0.07459999620914459,0.020800000056624413,-0.009199999272823334,-0.037199996411800385,-0.2280000001192093,-0.38770002126693726,-0.32910001277923584,-0.1446000039577484,0.009000000543892384,0.13169999420642853,0.28299999237060547,0.30799999833106995,0.0,0.0,0.0,0.0,0.0,0.0,0.0,0.0,0.0,0.0,0.0,0.0,0.0,0.0,0.0,0.0,0.0
0.1451999992132187,0.1737000197172165,0.15330001711845398,0.17230001091957092,0.19260001182556152,0.07770000398159027,-0.10160001367330551,-0.18549999594688416,-0.18090000748634338,-0.06760000437498093,0.02370000071823597,0.04800000041723251,0.07800000160932541,0.12390001118183136,0.13530001044273376,0.09300000220537186,0.08640000224113464,-0.08970000594854355,-0.18660001456737518,-0.5147000551223755,-0.3995000123977661,-0.2784000039100647,-0.13100001215934753,-0.040400002151727676,0.05870000272989273,0.24550001323223114,0.30970001220703125,0.03920000046491623,0.0,0.0,0.0,0.0,0.0,0.0,0.0,0.0,0.0,0.0,0.0,0.0,0.0,0.0,0.0,0.0
0.30150002241134644,0.2687000632286072,0.19450001418590546,0.20030000805854797,0.18660001456737518,0.09550000727176666,-0.049000002443790436,-0.054600007832050323,-0.018300000578165054,0.032700005918741226,0.03530000150203705,0.04179999977350235,0.01690000109374523,-0.02500000223517418,-0.044600002467632294,0.03359999880194664,0.04910000413656235,-0.10790000110864639,-0.2738000154495239,-0.3345000147819519,-0.29270002245903015,-0.1907999962568283,-0.15850000083446503,-0.10990001261234283,-0.03190000355243683,0.18649999797344208,0.22300001978874207,0.08890000730752945,0.0,0.0,0.0,0.0,0.0,0.0,0.0,0.0,0.0,0.0,0.0,0.0,0.0,0.0,0.0,0.0
0.38540002703666687,0.3133000433444977,0.15410000085830688,0.17579999566078186,0.1738000065088272,0.09670001268386841,-0.016100000590085983,-0.036799997091293335,0.033900003880262375,0.03890000283718109,0.011300000362098217,0.013600001111626625,-0.03290000185370445,-0.16190001368522644,-0.2084999829530716,-0.07380000501871109,-0.02550000324845314,-0.029700005427002907,-0.07160000503063202,0.03009999915957451,-0.09390000253915787,-0.1233999952673912,-0.18480001389980316,-0.15650001168251038,-0.11080001294612885,0.007600000593811274,0.08910000324249268,-0.03310000151395798,-0.00400000112131238,0.0,0.0,0.0,0.0,0.0,0.0,0.0,0.0,0.0,0.0,0.0,0.0,0.0,0.0,0.0
0.38499999046325684,0.25060001015663147,0.06539999693632126,0.09629999846220016,0.13920000195503235,0.0902000144124031,0.0014999990817159414,-0.06210000440478325,-0.000600001192651689,-0.0025999993085861206,0.005199997220188379,0.0028000001329928637,-0.06840001046657562,-0.23680000007152557,-0.2501000165939331,-0.08130000531673431,-0.10130000114440918,-0.03180000185966492,0.09940000623464584,0.2727000117301941,0.2509000301361084,-0.03240000084042549,-0.16449999809265137,-0.16120001673698425,-0.15800000727176666,-0.17660000920295715,-0.09620000422000885,-0.06689999997615814,0.011100000701844692,0.0,0.0,0.0,0.0,0.0,0.0,0.0,0.0,0.0,0.0,0.0,0.0,0.0,0.0,0.0
0.3094000220298767,0.1421000063419342,-0.0032000020146369934,0.003999999258667231,0.08170001208782196,0.08130000531673431,0.025699999183416367,-0.027800003066658974,-0.029900003224611282,-0.07950000464916229,0.017900003120303154,0.017800001427531242,-0.09020000696182251,-0.20280000567436218,-0.17800000309944153,-0.0990000069141388,-0.09780000150203705,-0.0494999997317791,0.10980001837015152,0.27500003576278687,0.35060006380081177,0.09470000118017197,-0.07160000503063202,-0.14100001752376556,-0.16939999163150787,-0.2630000114440918,-0.20170000195503235,-0.036400001496076584,0.033399999141693115,0.019500000402331352,0.0,0.0,0.0,0.0,0.0,0.0,0.0,0.0,0.0,0.0,0.0,0.0,0.0,0.0
0.24550001323223114,0.08010001480579376,-0.027400001883506775,-0.08060000836849213,0.033799998462200165,0.08890000730752945,0.04480000212788582,0.004799999296665192,-0.06190000846982002,-0.0723000019788742,0.03199999779462814,0.02890000306069851,-0.11430001258850098,-0.16269998252391815,-0.1678999960422516,-0.17350000143051147,-0.08870001137256622,0.026099998503923416,0.12399999797344208,0.23900000751018524,0.33990001678466797,0.20329999923706055,0.026099998503923416,-0.0835999995470047,-0.16129998862743378,-0.2574999928474426,-0.2915000021457672,-0.04330000653862953,-0.024400001391768456,-0.021699998527765274,0.0,0.0,0.0,0.0,0.0,0.0,0.0,0.0,0.0,0.0,0.0,0.0,0.0,0.0
0.11340000480413437,0.012199999764561653,-0.03959999978542328,-0.06590000540018082,0.0004999982193112373,0.10730000585317612,0.05180000141263008,0.023399999365210533,-0.05490000173449516,-0.0284000001847744,0.040400005877017975,0.01860000379383564,-0.14419999718666077,-0.20020000636577606,-0.2469000369310379,-0.22499999403953552,-0.07530000060796738,0.054099999368190765,0.11640000343322754,0.1835000067949295,0.2778000235557556,0.2289000004529953,0.10050000250339508,-0.027700001373887062,-0.1388000100851059,-0.18400000035762787,-0.2644999921321869,-0.06199999898672104,-0.1502000093460083,-0.015000000596046448,0.07909999787807465,0.0,0.0,0.0,0.0,0.0,0.0,0.0,0.0,0.0,0.0,0.0,0.0,0.0
0.015099999494850636,-0.03380000218749046,0.05660000443458557,0.14660000801086426,-0.004299996420741081,0.11599999666213989,0.07660000771284103,0.015800001099705696,-0.02590000629425049,0.01530000101774931,0.06109999865293503,-0.010399999096989632,-0.1745000183582306,-0.2524000108242035,-0.2921000123023987,-0.1754000037908554,-0.007000000681728125,0.10250000655651093,0.14380000531673431,0.14669999480247498,0.16760000586509705,0.1858000010251999,0.13699999451637268,0.013499999418854713,-0.13040001690387726,-0.21220000088214874,-0.20010001957416534,-0.1850999891757965,-0.17870000004768372,-0.10850000381469727,-0.10039999336004257,0.027400005608797073,0.0,0.0,0.0,0.0,0.0,0.0,0.0,0.0,0.0,0.0,0.0,0.0
0.04370000213384628,0.12209999561309814,0.1964000165462494,0.19600000977516174,0.14670002460479736,0.0877000018954277,0.10340000689029694,0.02250000275671482,0.0012999981408938766,0.03359999880194664,0.06460000574588776,-0.047200001776218414,-0.19180001318454742,-0.26100000739097595,-0.19290001690387726,-0.05710000544786453,0.06320000439882278,0.16190001368522644,0.1852000206708908,0.11710000038146973,0.06440000236034393,0.12860000133514404,0.1559000164270401,0.028300002217292786,-0.15560001134872437,-0.2321000099182129,-0.3362000584602356,-0.3458000123500824,-0.30160003900527954,-0.2704000174999237,-0.2797999978065491,-0.24780002236366272,-0.2199000120162964,-0.1958000212907791,0.01679999940097332,0.0,0.0,0.0,0.0,0.0,0.0,0.0,0.0,0.0
0.1054999977350235,0.23260000348091125,0.2508000135421753,0.17149999737739563,0.2362000048160553,0.08540000021457672,0.13900001347064972,0.044600002467632294,0.025800000876188278,0.07070000469684601,0.03850000351667404,-0.06370000541210175,-0.1811000108718872,-0.2224999964237213,-0.14060001075267792,-0.053700000047683716,0.05090000480413437,0.12219999730587006,0.14409999549388885,0.0771000012755394,0.01530000101774931,0.09600000083446503,0.17159999907016754,0.0005000002565793693,-0.1914999932050705,-0.2596000134944916,-0.37460005283355713,-0.4172000288963318,-0.43959999084472656,-0.4094000458717346,-0.3889999985694885,-0.4448000490665436,-0.4326000213623047,-0.34709998965263367,-0.22429999709129333,0.03660000488162041,0.0,0.0,0.0,0.0,0.0,0.0,0.0,0.0
